   6.6645842810044709e+00
   1.4709313661910584e+00
   1.2276293482108784e+00
   8.1354870862824424e-01
   7.1864874328789363e-01
   6.0563333059062407e-01
   5.0056063170940268e-01
   4.1220293379029804e-01
   3.4968041583296117e-01
   2.9492903093265621e-01
   2.5769460511771242e-01
   2.1724413782870805e-01
   1.8501344958363411e-01
   1.5160117160908343e-01
   1.3024411470563066e-01
   1.1243324925790026e-01
   1.0133189075041779e-01
   9.1201224150908519e-02
   8.4637203835966360e-02
   7.8943120714952242e-02
   7.3989391869621168e-02
   6.7257480058940181e-02
   6.0489579428108835e-02
   5.2161400570950575e-02
   4.4260225561095670e-02
   3.6019302774272462e-02
   2.9147365449872877e-02
   2.3019249047731651e-02
   1.8013779540020296e-02
   1.3726808372283633e-02
   1.0266851505676211e-02
   7.6175752333186566e-03
   5.6002312949409629e-03
   4.0867703722676178e-03
   3.0088538484655297e-03
   2.1781253340450186e-03
   1.5779716473727729e-03
   1.1102649939754971e-03
   7.9119544328828766e-04
   5.6530435259260093e-04
   4.4938399840145171e-04
   3.6980766700162124e-04
   3.1894364669953114e-04
   2.7101300965622782e-04
   2.4660771632254282e-04
   1.9201637687797250e-04
   1.7806484690986659e-04
   1.3487276592551883e-04
   1.1761232923934848e-04
   9.2142159782108266e-05
   7.6055039678329988e-05
   6.1677667034319841e-05
   4.9126273749696899e-05
   4.0337907902746531e-05
   3.0468485747286084e-05
   2.5478173963524886e-05
   1.8256223463510726e-05
   1.5178613527220037e-05
   1.0667709678025020e-05
   8.3758328368150664e-06
   6.3731426945559341e-06
   4.7720525119085875e-06
   3.7281401998560502e-06
   2.7779223340966410e-06
   2.1624020953026939e-06
   1.7922995396919244e-06
   1.4281588576477035e-06
   1.1747508487737773e-06
   9.2299249431871095e-07
   7.7799434377556203e-07
   6.0109332069392525e-07
   5.0034780372771033e-07
   3.8368950595448413e-07
   3.0402488965350587e-07
   2.6429186538789697e-07
   2.1122553923802982e-07
   1.6762506607984961e-07
   1.2299884549649310e-07
   9.1105080836365791e-08
   7.9892379448618530e-08
   5.8408574544708717e-08
   4.4640700071728602e-08
   3.4829617135564303e-08
   2.8800800600764884e-08
   1.9809157918782067e-08
   1.3859494693443393e-08
   1.2123425771057222e-08
   8.2723592507900542e-09
   6.1717223333527898e-09
   5.2580982578375766e-09
   3.8005308760291651e-09
   2.9052882742041942e-09
   2.3340549704749165e-09
   1.7579329324315993e-09
   1.3379620197592494e-09
   1.0576731713060096e-09
   8.3764375080898323e-10
   6.4600691032827874e-10
   5.2348468255791222e-10
   4.3073113471473933e-10
   3.3718970985046570e-10
   2.7815001998792797e-10
   1.9650233330632730e-10
   1.6874402960816190e-10
   1.2342517465623617e-10
   1.0775594832100155e-10
   7.7044182563097473e-11
   6.4519200744528665e-11
   4.8231515396583266e-11
   3.9509455087355659e-11
   2.9209595163312518e-11
   2.3376804425246765e-11
   1.7450982170172391e-11
   1.3684699141493892e-11
   1.0394998439153013e-11
   7.5266073357973396e-12
   6.0669319976875482e-12
   4.3825217157970191e-12
   3.5713565525737889e-12
   2.6959091787870852e-12
   2.1556071909243778e-12
   1.6165565163845611e-12
   1.2569431776633450e-12
   9.1184694145335105e-13
   7.6256657556133312e-13
   5.8169694998448319e-13
   4.6959841292553811e-13
   3.4377892616031631e-13
   2.7938526538738578e-13
   2.1487105389019556e-13
   1.6730222134210653e-13
   1.2996204563623186e-13
   1.0589412180091804e-13
   8.0115645752412059e-14
   6.3431617276948333e-14
   4.9332319273420511e-14
   3.9667336209472342e-14
   3.0496848469481545e-14
   1.9699864895586194e-14
   1.7001220818957698e-14
   1.6077879568870513e-14
   1.3608312634829997e-14
   1.1806189319162702e-14
   9.5287580731541367e-15
   7.6645734891364663e-15
   6.2075867589804763e-15
   4.9386162979682742e-15
   4.4157046553011456e-15
   3.8786708783909590e-15
   3.4004982850429671e-15
   3.0216986466818246e-15
   2.7438328419976291e-15
   2.5310234372387273e-15
   2.3496117656926203e-15
   2.2078211852982200e-15
   2.0990948708679425e-15
   1.9403702052981578e-15
   1.8405893756903857e-15
   1.7447977560564140e-15
   1.6930460327576841e-15
   1.5931728959304982e-15
   1.5564390614330876e-15
   1.5171242348119828e-15
   1.4732478203506730e-15
   1.3689286536927602e-15
   1.3513872406725333e-15
   1.3344308765164639e-15
   1.2813832957527194e-15
   1.2441476650372111e-15
   1.1838087919841211e-15
   1.1746555714986681e-15
   1.1348641322406834e-15
   1.0578717699294167e-15
   9.9578698330436272e-16
   9.6910942073078239e-16
   9.0476743607885167e-16
   8.8530930645613282e-16
   8.6818234540868212e-16
   8.5912558001585682e-16
   8.5366215228514324e-16
   8.4896387606185863e-16
   8.4204071470676703e-16
   8.3814419020084436e-16
   8.3207256874657670e-16
   8.2855815667598088e-16
   8.2170582988645428e-16
   8.2024169369601784e-16
   8.1958809080084303e-16
   8.1922480125216192e-16
   8.1205748934635605e-16
   8.0742269086148238e-16
   7.9821967918664885e-16
   7.9516876289324478e-16
   7.9160448860245773e-16
   7.8889507725312269e-16
   7.8868638118324409e-16
   7.8235662260146701e-16
   7.7898877731529274e-16
   7.7897965820868468e-16
   7.7223765089864040e-16
   7.6545122568483423e-16
   7.5884428786994208e-16
   7.5805386774304711e-16
   7.5727489622191091e-16
   7.4750304875034252e-16
   7.4360950007928157e-16
   7.3866836457543953e-16
   7.3863130096658130e-16
   7.3565484136914388e-16
   7.3433603388882842e-16
   7.3362474800821951e-16
   7.3356239163378408e-16
   7.3314540467857402e-16
   7.2967608428155388e-16
   7.2920267106514002e-16
   7.2837213612591302e-16
   7.2759489741885162e-16
   7.2423816190761649e-16
   7.2383237260400790e-16
   7.1507530088437424e-16
   7.1369031799827690e-16
   7.1346160050612425e-16
   7.1220759910969615e-16
   7.0753505836994354e-16
   7.0454207856896000e-16
   7.0147181323872663e-16
   6.9999462827231308e-16
   6.9973739094831887e-16
   6.9963087061506354e-16
   6.9809490838764451e-16
   6.9753221138293708e-16
   6.9434208618163325e-16
   6.9415120739166724e-16
   6.9298789773867512e-16
   6.9243481569851081e-16
   6.8989462765976673e-16
   6.8851467766269967e-16
   6.8813983909098750e-16
   6.8644355669329478e-16
   6.8633950827755299e-16
   6.8604721506147177e-16
   6.8270852596454208e-16
   6.8263758425580669e-16
   6.8248062264011706e-16
   6.8120337515945304e-16
   6.8112707740851405e-16
   6.8080674442108625e-16
   6.7910187269380891e-16
   6.7613976065905031e-16
   6.7588764227797417e-16
   6.7406314379198552e-16
   6.7361948749238836e-16
   6.7319305297255849e-16
   6.7249226626140101e-16
   6.7206464209698375e-16
   6.7100535339468608e-16
   6.7027965313696601e-16
   6.7014982415764879e-16
   6.6759466586476216e-16
   6.6738132331421812e-16
   6.6729072929269243e-16
   6.6565122242727546e-16
   6.6535339353382700e-16
   6.6385425651453243e-16
   6.6323958539369462e-16
   6.6318669958857486e-16
   6.6313272126358280e-16
   6.6294330303869948e-16
   6.6281485784360082e-16
   6.6117918435689424e-16
   6.6111700580807591e-16
   6.6073021762008509e-16
   6.6049600374856951e-16
   6.5967657271304838e-16
   6.5956242107695653e-16
   6.5945688055441503e-16
   6.5927019521111745e-16
   6.5903361509666181e-16
   6.5895878070972246e-16
   6.5861177898593680e-16
   6.5855454634549703e-16
   6.5818604995993767e-16
   6.5812864460355377e-16
   6.5515696166254510e-16
   6.5476422672168423e-16
   6.5442616184496981e-16
   6.5415900820737231e-16
   6.5407430009866146e-16
   6.5384180562181937e-16
   6.5312387278361260e-16
   6.5304844321141815e-16
   6.5285131159939558e-16
   6.5220948052043806e-16
   6.5212611114326033e-16
   6.5209096823483393e-16
   6.5177158833399385e-16
   6.5174165560604901e-16
   6.5153457148430424e-16
   6.5093546731058297e-16
   6.5081400773857746e-16
   6.5068571230749350e-16
   6.5039670763004715e-16
   6.5013985594160338e-16
   6.5005395781509881e-16
   6.5003394544243916e-16
   6.4977812266224288e-16
   6.4972426116663619e-16
   6.4969559457126079e-16
   6.4959968442057674e-16
   6.4906915875755311e-16
   6.4844427053801040e-16
   6.4791321127314915e-16
   6.4789994229122850e-16
   6.4754958098218174e-16
   6.4753023693515937e-16
   6.4743119796944120e-16
   6.4734564570819155e-16
   6.4700317011613520e-16
   6.4692705051714199e-16
   6.4673143510503140e-16
   6.4668902242581379e-16
   6.4660318390454427e-16
   6.4652276820678486e-16
   6.4609482401743098e-16
   6.4555126434087701e-16
   6.4542096381829797e-16
   6.4514840384628770e-16
   6.4483208273337325e-16
   6.4472324678449947e-16
   6.4448057997691021e-16
   6.4440748896317113e-16
   6.4421779242017511e-16
   6.4399155166564495e-16
   6.4381448706912337e-16
   6.4320667900296793e-16
   6.4314486221654546e-16
   6.4303135762200244e-16
   6.4284704192815939e-16
   6.4274052331552300e-16
   6.4266638230255670e-16
   6.4241881237622981e-16
   6.4220122238127292e-16
   6.4204876929952216e-16
   6.4182988040325331e-16
   6.4167231642237174e-16
   6.4159800643985316e-16
   6.4135226954425400e-16
   6.4097391979248592e-16
   6.4080281361241375e-16
   6.4071116850576304e-16
   6.4064654541555999e-16
   6.4025865761750963e-16
   6.3987817589565294e-16
   6.3985935818399430e-16
   6.3980690157828348e-16
   6.3928280901644112e-16
   6.3909556984746692e-16
   6.3900489262728984e-16
   6.3868395021786074e-16
   6.3861577496249566e-16
   6.3845156540146666e-16
   6.3824146959715045e-16
   6.3805622797797718e-16
   6.3797012980191315e-16
   6.3656648977640837e-16
   6.3649564592665684e-16
   6.3641430378465124e-16
   6.3638698519988298e-16
   6.3637219236836389e-16
   6.3628438832637514e-16
   6.3607360961096737e-16
   6.3604151391086363e-16
   6.3528593344992989e-16
   6.3500187305446245e-16
   6.3492066095180964e-16
   6.3450632847072490e-16
   6.3449527573504168e-16
   6.3381739160419163e-16
   6.3371337423841522e-16
   6.3362840036150251e-16
   6.3360400486439752e-16
   6.3350760707306636e-16
   6.3334586309350550e-16
   6.3317225068295286e-16
   6.3315777296957894e-16
   6.3312051807079838e-16
   6.3247017578699325e-16
   6.3238510235594424e-16
   6.3235202391543946e-16
   6.3230180561741511e-16
   6.3173382053829355e-16
   6.3163377721044139e-16
   6.3131301216702955e-16
   6.3125798499725407e-16
   6.3093885647734899e-16
   6.3068003308071662e-16
   6.3052238077378509e-16
   6.3049672989911572e-16
   6.3046082244739288e-16
   6.3004124795778116e-16
   6.2996224539489960e-16
   6.2981556825426083e-16
   6.2978362454049551e-16
   6.2945078274130896e-16
   6.2942981587022509e-16
   6.2907589505539974e-16
   6.2880092321686218e-16
   6.2873121337369100e-16
   6.2845179336959269e-16
   6.2839547379720065e-16
   6.2802724356534272e-16
   6.2776311670945073e-16
   6.2743605011357400e-16
   6.2730933286103536e-16
   6.2703140816516702e-16
   6.2696200377185664e-16
   6.2662012532468074e-16
   6.2650224701955384e-16
   6.2636429106797410e-16
   6.2633820211112556e-16
   6.2633143968168299e-16
   6.2620731772059190e-16
   6.2618672392909383e-16
   6.2617731809611550e-16
   6.2595026503121079e-16
   6.2583488149595516e-16
   6.2572263627796508e-16
   6.2538289366727708e-16
   6.2511848018590253e-16
   6.2503123986635808e-16
   6.2491221347043315e-16
   6.2479744317216795e-16
   6.2414208112217775e-16
   6.2389023732377441e-16
   6.2352625051429538e-16
   6.2337803692369406e-16
   6.2324436931081911e-16
   6.2314619982698680e-16
   6.2308532089197487e-16
   6.2289527570302050e-16
   6.2281786918983819e-16
   6.2280232222575286e-16
   6.2274515275819092e-16
   6.2267242424573348e-16
   6.2262719682995381e-16
   6.2253131779180728e-16
   6.2251397090704056e-16
   6.2244482993896931e-16
   6.2222405872098327e-16
   6.2221120152551173e-16
   6.2201848937157030e-16
   6.2176124406401332e-16
   6.2173850178294870e-16
   6.2163685382702226e-16
   6.2150287159751997e-16
   6.2146616237968138e-16
   6.2139942758435044e-16
   6.2126156083657504e-16
   6.2120811438352309e-16
   6.2105255402252407e-16
   6.2049007974570560e-16
   6.1999849520511536e-16
   6.1996614578806139e-16
   6.1979572997861557e-16
   6.1961035826131779e-16
   6.1958049801118050e-16
   6.1932058517434138e-16
   6.1909851159802296e-16
   6.1897838713736453e-16
   6.1860835733627814e-16
   6.1839407582767487e-16
   6.1837400646081982e-16
   6.1820527627722813e-16
   6.1819780121972862e-16
   6.1817517978692502e-16
   6.1804715541986103e-16
   6.1800380146941633e-16
   6.1783231604317221e-16
   6.1732444666785186e-16
   6.1674349999763766e-16
   6.1643434369457330e-16
   6.1617862919489925e-16
   6.1605548974826524e-16
   6.1575789522756749e-16
   6.1568582463811954e-16
   6.1558903796260035e-16
   6.1548501970574530e-16
   6.1535540503635391e-16
   6.1504894268244962e-16
   6.1501462608893054e-16
   6.1501112752921556e-16
   6.1488649140337533e-16
   6.1481057485076578e-16
   6.1465610299268389e-16
   6.1450977175624975e-16
   6.1435239559920166e-16
   6.1394963151625536e-16
   6.1386672058520803e-16
   6.1383986867600273e-16
   6.1374301209389395e-16
   6.1354224923808618e-16
   6.1341119607998748e-16
   6.1335803052032341e-16
   6.1333509467812327e-16
   6.1311073647016761e-16
   6.1306747978602176e-16
   6.1296236727695330e-16
   6.1286176917141752e-16
   6.1281499266460883e-16
   6.1255116613468624e-16
   6.1217884223791441e-16
   6.1191307953112450e-16
   6.1181654222721415e-16
   6.1176433499976838e-16
   6.1135980610162421e-16
   6.1133049703787762e-16
   6.1126985406679924e-16
   6.1125581724564902e-16
   6.1122668735617279e-16
   6.1119701819241970e-16
   6.1095594500072074e-16
   6.1093181171069932e-16
   6.1091104933966170e-16
   6.1039389063429232e-16
   6.1018192305973225e-16
   6.0999861821758950e-16
   6.0996628018470696e-16
   6.0987482861685961e-16
   6.0966997090433980e-16
   6.0961637854385003e-16
   6.0940740097951296e-16
   6.0939028067625178e-16
   6.0930850724040127e-16
   6.0924760511931287e-16
   6.0907347607479253e-16
   6.0901174295852490e-16
   6.0878252571210360e-16
   6.0862430901486264e-16
   6.0857288203788254e-16
   6.0845952403971559e-16
   6.0826915829827446e-16
   6.0820946629882297e-16
   6.0815892245765129e-16
   6.0786172893721106e-16
   6.0775423000572407e-16
   6.0760505213532166e-16
   6.0743057109047762e-16
   6.0740656498165728e-16
   6.0701585468399505e-16
   6.0692577792857536e-16
   6.0687522843133637e-16
   6.0684295673700316e-16
   6.0671636286242113e-16
   6.0611824781100801e-16
   6.0611200668284555e-16
   6.0595963625734928e-16
   6.0587241245687838e-16
   6.0563601637278506e-16
   6.0562134094254642e-16
   6.0535045422638855e-16
   6.0521499004862590e-16
   6.0515661687712773e-16
   6.0504411099153536e-16
   6.0479980852330970e-16
   6.0442148768816797e-16
   6.0422146051012895e-16
   6.0401593485218013e-16
   6.0394225949300126e-16
   6.0389962264537078e-16
   6.0379862045744113e-16
   6.0363328994571001e-16
   6.0355712448088083e-16
   6.0347036308432215e-16
   6.0340948925137965e-16
   6.0306516824245610e-16
   6.0287419708447502e-16
   6.0274702634409309e-16
   6.0258895064849079e-16
   6.0253605167636398e-16
   6.0243947426303705e-16
   6.0238394346193464e-16
   6.0225627830920339e-16
   6.0210950628315565e-16
   6.0180302331101092e-16
   6.0175074803014996e-16
   6.0168387572849031e-16
   6.0162712237905757e-16
   6.0153451212136295e-16
   6.0145231027649271e-16
   6.0142388339823106e-16
   6.0129294456006935e-16
   6.0128617887508598e-16
   6.0121812327603499e-16
   6.0097417187783183e-16
   6.0094248037318486e-16
   6.0045344037257101e-16
   6.0043630595820028e-16
   6.0040764581039696e-16
   6.0039901335145764e-16
   6.0037817358010484e-16
   6.0013097735527782e-16
   6.0002019232770528e-16
   5.9972015297963146e-16
   5.9968183800329097e-16
   5.9935732275086647e-16
   5.9908500458641448e-16
   5.9905321015604857e-16
   5.9885987729328645e-16
   5.9882613269804128e-16
   5.9860535272608727e-16
   5.9852926728712364e-16
   5.9836824463156520e-16
   5.9830793876492557e-16
   5.9828112697484270e-16
   5.9809319360184210e-16
   5.9804953045004437e-16
   5.9778385352618401e-16
   5.9774744630215551e-16
   5.9742113649763226e-16
   5.9727704543234326e-16
   5.9713602801782526e-16
   5.9711713337333839e-16
   5.9710839987721759e-16
   5.9699926401686550e-16
   5.9689388761547219e-16
   5.9688144623073906e-16
   5.9682904119056382e-16
   5.9672316035582999e-16
   5.9663556335281680e-16
   5.9616028422084204e-16
   5.9604208082775110e-16
   5.9593372457641080e-16
   5.9592564043096063e-16
   5.9583126483466583e-16
   5.9571944434857685e-16
   5.9571013895450464e-16
   5.9543742653920009e-16
   5.9514948771242339e-16
   5.9502391416965807e-16
   5.9498579742882414e-16
   5.9463752343300511e-16
   5.9454889346773025e-16
   5.9428325200608183e-16
   5.9414560326756886e-16
   5.9409525874837435e-16
   5.9407498196871894e-16
   5.9367996806441314e-16
   5.9346261814860746e-16
   5.9343748240368008e-16
   5.9332648111506521e-16
   5.9329624025988094e-16
   5.9316544086197201e-16
   5.9312215418853997e-16
   5.9309477708277351e-16
   5.9302475769300621e-16
   5.9284059341232116e-16
   5.9270956370783164e-16
   5.9252840534028085e-16
   5.9250473256363909e-16
   5.9248797926541899e-16
   5.9230700967420824e-16
   5.9207808274588015e-16
   5.9194066955664488e-16
   5.9168824923050501e-16
   5.9167618082806017e-16
   5.9154016675837610e-16
   5.9149880899465147e-16
   5.9140806362412396e-16
   5.9126130389599777e-16
   5.9080772394717760e-16
   5.9067891247353240e-16
   5.9056837695852424e-16
   5.9048919341039105e-16
   5.9041520590033091e-16
   5.9013296647935504e-16
   5.9003221018448207e-16
   5.8989225425978025e-16
   5.8988970425404727e-16
   5.8969218419626751e-16
   5.8965258845569784e-16
   5.8964050879919342e-16
   5.8962689299717391e-16
   5.8954824697580677e-16
   5.8940519579013671e-16
   5.8934155185137474e-16
   5.8924093014118699e-16
   5.8920945844792481e-16
   5.8914264013532166e-16
   5.8906709249534676e-16
   5.8904334896078432e-16
   5.8897327115621389e-16
   5.8893734217414083e-16
   5.8881661397595302e-16
   5.8874982884350909e-16
   5.8874690124728229e-16
   5.8867681822076319e-16
   5.8866226980090203e-16
   5.8863070236322013e-16
   5.8862095383299015e-16
   5.8848700836677391e-16
   5.8840145840751060e-16
   5.8832748321656989e-16
   5.8825462145835532e-16
   5.8814340977302421e-16
   5.8795917970981509e-16
   5.8792931054016037e-16
   5.8774907010071299e-16
   5.8774191380849148e-16
   5.8767887886649890e-16
   5.8755171154532452e-16
   5.8716328331706876e-16
   5.8713018570453690e-16
   5.8691995050908684e-16
   5.8662117600157679e-16
   5.8653117314483864e-16
   5.8650908406515211e-16
   5.8627707315333960e-16
   5.8627032513469139e-16
   5.8593831699520753e-16
   5.8583787398664531e-16
   5.8577999339677908e-16
   5.8552740782824388e-16
   5.8537262566076114e-16
   5.8511524546916082e-16
   5.8503381501554122e-16
   5.8497447941786562e-16
   5.8480636663627303e-16
   5.8467012509054986e-16
   5.8453543989402518e-16
   5.8445957376462737e-16
   5.8424485427226755e-16
   5.8419776686868055e-16
   5.8391792777370753e-16
   5.8371785976095517e-16
   5.8350008344773483e-16
   5.8337686563477753e-16
   5.8309443536357294e-16
   5.8308631550373950e-16
   5.8280211852269361e-16
   5.8272671113647691e-16
   5.8233684653978844e-16
   5.8231798082089816e-16
   5.8229703504805756e-16
   5.8209362692537360e-16
   5.8164580505716299e-16
   5.8162541661573266e-16
   5.8161946774612635e-16
   5.8159509792213872e-16
   5.8150692285262262e-16
   5.8134861974799150e-16
   5.8109229259834623e-16
   5.8068125752323409e-16
   5.8067155663727533e-16
   5.8062397721195220e-16
   5.8057124831321408e-16
   5.8050728018595033e-16
   5.8036425594603064e-16
   5.8036041756485615e-16
   5.8035655504134130e-16
   5.8026749066146531e-16
   5.8020220642460927e-16
   5.7981792309734707e-16
   5.7976696183243179e-16
   5.7970971835894869e-16
   5.7968144582304325e-16
   5.7951955451613075e-16
   5.7950111451667759e-16
   5.7849783571034975e-16
   5.7794389308687235e-16
   5.7789701767121065e-16
   5.7788976551299068e-16
   5.7774656730642310e-16
   5.7770934069582886e-16
   5.7761555905459331e-16
   5.7741442280282925e-16
   5.7724036555394121e-16
   5.7714119781133730e-16
   5.7683109795224976e-16
   5.7671990007058732e-16
   5.7657865346547250e-16
   5.7640988184489426e-16
   5.7636365299197428e-16
   5.7634854745221411e-16
   5.7620735539558646e-16
   5.7562691927531126e-16
   5.7554754476994489e-16
   5.7426234962999796e-16
   5.7383546072293629e-16
   5.7339988918068041e-16
   5.7287380987250399e-16
   5.7233355604852948e-16
   5.7130824101270456e-16
   5.6872877347795638e-16
   5.6536954801187226e-16
   5.5827131341475902e-16
   4.9083855731270861e-16
   4.0938907010016019e-16
   3.5197994569716175e-16
   2.6562495938342361e-16
   1.9809883262956825e-16
