  -4.6765587837921396e-06
  -4.5262503364715267e-06
  -4.2304644794627366e-06
  -3.7987080128629169e-06
  -3.2448579450165826e-06
  -2.5867154728950736e-06
  -1.8454338378132151e-06
  -1.0448384409125766e-06
  -2.1066107569207154e-07
   6.3028710893617973e-07
   1.4509773471390458e-06
   2.2250319799722862e-06
   2.9275722540876570e-06
   3.5360179474995534e-06
   4.0308131148761306e-06
   4.3960546319207761e-06
   4.6200033357451931e-06
   4.6954613308822224e-06
   4.6200033348778313e-06
   4.3960546306301418e-06
   4.0308131141753023e-06
   3.5360179483044651e-06
   2.9275722552637995e-06
   2.2250319804614782e-06
   1.4509773476178295e-06
   6.3028710945399469e-07
  -2.1066107598003564e-07
  -1.0448384412170206e-06
  -1.8454338379814833e-06
  -2.5867154732246711e-06
  -3.2448579452733217e-06
  -3.7987080127172002e-06
  -4.2304644792198753e-06
  -4.5262503366449991e-06
  -4.6765587839170397e-06
  -1.3879367903785189e-05
  -1.3433273599497420e-05
  -1.2555422828505747e-05
  -1.1274030437227744e-05
  -9.6302814309584539e-06
  -7.6770072566997860e-06
  -5.4769877523216937e-06
  -3.1009333547465934e-06
  -6.2521240839705228e-07
   1.8706033796805910e-06
   4.3062964363953238e-06
   6.6035815825260524e-06
   8.6886221830201338e-06
   1.0494403317129475e-05
   1.1962885693925229e-05
   1.3046871081348610e-05
   1.3711519297049390e-05
   1.3935468001380347e-05
   1.3711519297632258e-05
   1.3046871081459632e-05
   1.1962885693758696e-05
   1.0494403316615997e-05
   8.6886221829368671e-06
   6.6035815828244249e-06
   4.3062964365063461e-06
   1.8706033805522895e-06
  -6.2521240765025382e-07
  -3.1009333552670104e-06
  -5.4769877524604715e-06
  -7.6770072570606085e-06
  -9.6302814323878660e-06
  -1.1274030437449789e-05
  -1.2555422827978391e-05
  -1.3433273598956186e-05
  -1.3879367903452122e-05
  -2.2636082719823536e-05
  -2.1908540395881859e-05
  -2.0476839557026505e-05
  -1.8386996246955167e-05
  -1.5706179749330751e-05
  -1.2520553710926308e-05
  -8.9325067740286812e-06
  -5.0573617201739307e-06
  -1.0196688989463215e-06
   3.0507969201922641e-06
   7.0232076149409628e-06
   1.0769886638214987e-05
   1.4170412643968455e-05
   1.7115489928359873e-05
   1.9510461283900327e-05
   2.1278350359893450e-05
   2.2362335747067030e-05
   2.2727577263820242e-05
   2.2362335747205808e-05
   2.1278350359893450e-05
   1.9510461283955838e-05
   1.7115489928332117e-05
   1.4170412644495811e-05
   1.0769886638506421e-05
   7.0232076146148348e-06
   3.0507969201645085e-06
  -1.0196688983703933e-06
  -5.0573617193690190e-06
  -8.9325067739454145e-06
  -1.2520553710496096e-05
  -1.5706179748165017e-05
  -1.8386996246594345e-05
  -2.0476839557553861e-05
  -2.1908540396742282e-05
  -2.2636082720295381e-05
  -3.0665255210504672e-05
  -2.9679648677616299e-05
  -2.7740113815150069e-05
  -2.4908988869948301e-05
  -2.1277268527103432e-05
  -1.6961679266319640e-05
  -1.2100927678587725e-05
  -6.8512423183342275e-06
  -1.3813523921882981e-06
   4.1329353362481308e-06
   9.5143871224334653e-06
   1.4590038677847472e-05
   1.9196754385414350e-05
   2.3186470611641363e-05
   2.6430954594564016e-05
   2.8825925949882425e-05
   3.0294408326358990e-05
   3.0789203492309625e-05
   3.0294408325359790e-05
   2.8825925949549358e-05
   2.6430954595618728e-05
   2.3186470612723831e-05
   1.9196754384581682e-05
   1.4590038676681738e-05
   9.5143871223779541e-06
   4.1329353359965959e-06
  -1.3813523923635052e-06
  -6.8512423172448211e-06
  -1.2100927677602402e-05
  -1.6961679266624952e-05
  -2.1277268526964654e-05
  -2.4908988869060122e-05
  -2.7740113813096157e-05
  -2.9679648675617898e-05
  -3.0665255210005071e-05
  -3.7708821169546436e-05
  -3.6496828629661859e-05
  -3.4111797988345405e-05
  -3.0630386093133399e-05
  -2.6164488385882478e-05
  -2.0857642492738693e-05
  -1.4880414808737807e-05
  -8.4249183495421764e-06
  -1.6986380818213853e-06
   5.0822378107849564e-06
   1.1699766397935130e-05
   1.7941254867148704e-05
   2.3606096643175034e-05
   2.8512219050313981e-05
   3.2501935276374461e-05
   3.5447012559586266e-05
   3.7252793694431130e-05
   3.7861239387593226e-05
   3.7252793694431130e-05
   3.5447012559863822e-05
   3.2501935275430771e-05
   2.8512219049703358e-05
   2.3606096643896679e-05
   1.7941254868508727e-05
   1.1699766399267397e-05
   5.0822378109584287e-06
  -1.6986380825291525e-06
  -8.4249183502430047e-06
  -1.4880414809473330e-05
  -2.0857642493044004e-05
  -2.6164488385188589e-05
  -3.0630386093133399e-05
  -3.4111797989400117e-05
  -3.6496828630327993e-05
  -3.7708821169601947e-05
  -4.3540394587260334e-05
  -4.2140970479109807e-05
  -3.9387100907506412e-05
  -3.5367297504806938e-05
  -3.0210760059379282e-05
  -2.4083223928772490e-05
  -1.7181633164914389e-05
  -9.7278105735607023e-06
  -1.9613281467406596e-06
   5.8681929804779709e-06
   1.3509105556627765e-05
   2.0715824364553326e-05
   2.7256719533047535e-05
   3.2921561308629776e-05
   3.7528277016640743e-05
   4.0928803023310145e-05
   4.3013843623207482e-05
   4.3716383897607347e-05
   4.3013843623540549e-05
   4.0928803023643212e-05
   3.7528277018250566e-05
   3.2921561310350622e-05
   2.7256719534934915e-05
   2.0715824366607238e-05
   1.3509105557307777e-05
   5.8681929803357236e-06
  -1.9613281472090349e-06
  -9.7278105746501087e-06
  -1.7181633165608279e-05
  -2.4083223928578201e-05
  -3.0210760060045416e-05
  -3.5367297506194717e-05
  -3.9387100909671346e-05
  -4.2140970481274742e-05
  -4.3540394587870956e-05
  -4.7972543898766595e-05
  -4.6430666867103287e-05
  -4.3396469997458720e-05
  -3.8967474874418428e-05
  -3.3286033047863484e-05
  -2.6534750732221113e-05
  -1.8930619694518258e-05
  -1.0718042962903906e-05
  -2.1609795116325770e-06
   6.4655395990778630e-06
   1.4884250947672095e-05
   2.2824570224261320e-05
   3.0031289032783626e-05
   3.6272777501233922e-05
   4.1348429056065061e-05
   4.5095108079318269e-05
   4.7392393224376939e-05
   4.8166447857045380e-05
   4.7392393224043872e-05
   4.5095108078818669e-05
   4.1348429055509950e-05
   3.6272777500123699e-05
   3.0031289030812980e-05
   2.2824570222151896e-05
   1.4884250946242683e-05
   6.4655395986511210e-06
  -2.1609795113168573e-06
  -1.0718042962452878e-05
  -1.8930619694074169e-05
  -2.6534750732332135e-05
  -3.3286033049029218e-05
  -3.8967474874862518e-05
  -4.3396469995848896e-05
  -4.6430666865548975e-05
  -4.7972543898544551e-05
  -5.0862816177610348e-05
  -4.9228043415117106e-05
  -4.6011040832849570e-05
  -4.1315205540570776e-05
  -3.5291465547537815e-05
  -2.8133428813637007e-05
  -2.0071160529266940e-05
  -1.1363788631285621e-05
  -2.2911752166586419e-06
   6.8550784547045940e-06
   1.5781004264511789e-05
   2.4199715613154593e-05
   3.1840628190227260e-05
   3.8458156778442554e-05
   4.3839608562967758e-05
   4.7812019257020832e-05
   5.0247712313211679e-05
   5.1068402552034708e-05
   5.0247712315043547e-05
   4.7812019259019234e-05
   4.3839608563411847e-05
   3.8458156777609886e-05
   3.1840628188395392e-05
   2.4199715611211703e-05
   1.5781004263665244e-05
   6.8550784542882603e-06
  -2.2911752168529309e-06
  -1.1363788631188476e-05
  -2.0071160529239185e-05
  -2.8133428813609251e-05
  -3.5291465547371281e-05
  -4.1315205541014866e-05
  -4.6011040834070815e-05
  -4.9228043415450173e-05
  -5.0862816177221770e-05
  -5.2118315696902950e-05
  -5.0443190147186900e-05
  -4.7146778960560631e-05
  -4.2335031506357534e-05
  -3.6162601306177766e-05
  -2.8827875344916709e-05
  -2.0566597751042748e-05
  -1.1644292783580257e-05
  -2.3477306651357999e-06
   7.0242894489626340e-06
   1.6170543120461178e-05
   2.4797062230103029e-05
   3.2626583356565320e-05
   3.9407459249685139e-05
   4.4921746979176280e-05
   4.8992212798970591e-05
   5.1488028587010071e-05
   5.2328976771431890e-05
   5.1488028585899848e-05
   4.8992212797194234e-05
   4.4921746978121568e-05
   3.9407459249851673e-05
   3.2626583357842076e-05
   2.4797062230907940e-05
   1.6170543120100356e-05
   7.0242894483207863e-06
  -2.3477306658470365e-06
  -1.1644292784426802e-05
  -2.0566597751736637e-05
  -2.8827875345110998e-05
  -3.6162601305900210e-05
  -4.2335031506246512e-05
  -4.7146778960671654e-05
  -5.0443190146798322e-05
  -5.2118315696514372e-05
  -5.1698689660928387e-05
  -5.0037051238127628e-05
  -4.6767180817586240e-05
  -4.1994174724668820e-05
  -3.5871441303292340e-05
  -2.8595770242972884e-05
  -2.0401007598591647e-05
  -1.1550539784813130e-05
  -2.3288281182955173e-06
   6.9677340003536370e-06
   1.6040347414827960e-05
   2.4597410865773162e-05
   3.2363893293141377e-05
   3.9090173560574204e-05
   4.4560063486076551e-05
   4.8597756306778539e-05
   5.1073477254248711e-05
   5.1907654618821297e-05
   5.1073477253360533e-05
   4.8597756306389961e-05
   4.4560063485743484e-05
   3.9090173560185626e-05
   3.2363893292419732e-05
   2.4597410865356828e-05
   1.6040347414481015e-05
   6.9677339997464838e-06
  -2.3288281188887927e-06
  -1.1550539785451508e-05
  -2.0401007599507581e-05
  -2.8595770244055352e-05
  -3.5871441303569895e-05
  -4.1994174724335753e-05
  -4.6767180817308684e-05
  -5.0037051238294161e-05
  -5.1698689661261454e-05
  -4.9617425205095156e-05
  -4.8022680333437151e-05
  -4.4884447003679107e-05
  -4.0303590615686780e-05
  -3.4427343662324361e-05
  -2.7444573557161567e-05
  -1.9579712276868166e-05
  -1.1085542933775283e-05
  -2.2350751194138985e-06
   6.6872298484510484e-06
   1.5394601746862580e-05
   2.3607178478018964e-05
   3.1061001068644067e-05
   3.7516497528089499e-05
   4.2766182887787885e-05
   4.6641327941632227e-05
   4.9017382339866522e-05
   4.9817977738231267e-05
   4.9017382340865723e-05
   4.6641327942631428e-05
   4.2766182887732374e-05
   3.7516497526646209e-05
   3.1061001067034244e-05
   2.3607178476908741e-05
   1.5394601745669090e-05
   6.6872298476287895e-06
  -2.2350751192924678e-06
  -1.1085542933580994e-05
  -1.9579712277617567e-05
  -2.7444573557966478e-05
  -3.4427343662046805e-05
  -4.0303590614743090e-05
  -4.4884447002901950e-05
  -4.8022680333381640e-05
  -4.9617425205261689e-05
  -4.5941415878048009e-05
  -4.4464820969980501e-05
  -4.1559090129927867e-05
  -3.7317615940168913e-05
  -3.1876722869861318e-05
  -2.5411285696413932e-05
  -1.8129108891484780e-05
  -1.0264247610948518e-05
  -2.0694849670876980e-06
   6.1917926267793244e-06
   1.4254060910309785e-05
   2.1858191948748162e-05
   2.8759782713771997e-05
   3.4737010397412060e-05
   3.9597761985088464e-05
   4.3185808921764046e-05
   4.5385828425892338e-05
   4.6127110060578680e-05
   4.5385828424615582e-05
   4.3185808919710134e-05
   3.9597761983256596e-05
   3.4737010395802237e-05
   2.8759782712550752e-05
   2.1858191948415095e-05
   1.4254060910032229e-05
   6.1917926261409462e-06
  -2.0694849669281035e-06
  -1.0264247610677901e-05
  -1.8129108892012136e-05
  -2.5411285696247399e-05
  -3.1876722869750296e-05
  -3.7317615941945270e-05
  -4.1559090132481380e-05
  -4.4464820971701347e-05
  -4.5941415878658631e-05
  -4.0788811642933354e-05
  -3.9477825675926503e-05
  -3.6897989910633644e-05
  -3.3132222387211030e-05
  -2.8301557974091951e-05
  -2.2561258203518397e-05
  -1.6095821031264501e-05
  -9.1130509257131287e-06
  -1.8373798653624485e-06
   5.4973460948161412e-06
   1.2655382828352657e-05
   1.9406665144217072e-05
   2.5534201274879376e-05
   3.0841047167773361e-05
   3.5156636428723687e-05
   3.8342262467572219e-05
   4.0295536642087626e-05
   4.0953679113830965e-05
   4.0295536642864782e-05
   3.8342262469071020e-05
   3.5156636430555555e-05
   3.0841047169716251e-05
   2.5534201276933288e-05
   1.9406665145299540e-05
   1.2655382828227757e-05
   5.4973460944136854e-06
  -1.8373798659522544e-06
  -9.1130509258727233e-06
  -1.6095821030501223e-05
  -2.2561258203240842e-05
  -2.8301557974230729e-05
  -3.3132222385823251e-05
  -3.6897989908746265e-05
  -3.9477825675482414e-05
  -4.0788811642988865e-05
  -3.4325221442255138e-05
  -3.3221980582753829e-05
  -3.1050957930767176e-05
  -2.7881931942252969e-05
  -2.3816757721034643e-05
  -1.8986093310136010e-05
  -1.3545200237524702e-05
  -7.6689532846827002e-06
  -1.5462198639602104e-06
   4.6262103356158740e-06
   1.0649950329469360e-05
   1.6331392156232472e-05
   2.1487929601243794e-05
   2.5953827308827782e-05
   2.9585547651644895e-05
   3.2266364149879934e-05
   3.3910113155566357e-05
   3.4463963223929639e-05
   3.3910113157231692e-05
   3.2266364151878335e-05
   2.9585547653310229e-05
   2.5953827310049027e-05
   2.1487929601826661e-05
   1.6331392156093694e-05
   1.0649950329788549e-05
   4.6262103366983415e-06
  -1.5462198638838826e-06
  -7.6689532854390396e-06
  -1.3545200237510824e-05
  -1.8986093308998031e-05
  -2.3816757720646065e-05
  -2.7881931942586036e-05
  -3.1050957930156553e-05
  -3.3221980581421562e-05
  -3.4325221441477982e-05
  -2.6758390379882924e-05
  -2.5898353696374166e-05
  -2.4205922615289088e-05
  -2.1735493264590788e-05
  -1.8566467276576182e-05
  -1.4800699753944602e-05
  -1.0559225563866459e-05
  -5.9783691760545432e-06
  -1.2053630829966105e-06
   3.6063843708317861e-06
   8.3022196633170120e-06
   1.2731214785066669e-05
   1.6751018188543298e-05
   2.0232430085059816e-05
   2.3063555030816696e-05
   2.5153398341637434e-05
   2.6434790733498303e-05
   2.6866547199633217e-05
   2.6434790732415836e-05
   2.5153398340471700e-05
   2.3063555030317096e-05
   2.0232430085032060e-05
   1.6751018189181677e-05
   1.2731214785788314e-05
   8.3022196644272350e-06
   3.6063843719801730e-06
  -1.2053630827710965e-06
  -5.9783691749512591e-06
  -1.0559225561562746e-05
  -1.4800699752945401e-05
  -1.8566467276048826e-05
  -2.1735493263397299e-05
  -2.4205922613845798e-05
  -2.5898353694875365e-05
  -2.6758390379300057e-05
  -1.8331522631420683e-05
  -1.7742332410586314e-05
  -1.6582889027921821e-05
  -1.4890457948446567e-05
  -1.2719435297903203e-05
  -1.0139599530820109e-05
  -7.2338686925299545e-06
  -4.0956353618455676e-06
  -8.2576494044288989e-07
   2.4706462450905034e-06
   5.6876488278012616e-06
   8.7218456974735847e-06
   1.1475715269354536e-05
   1.3860745910657113e-05
   1.5800280773886621e-05
   1.7231981611576241e-05
   1.8109832382123825e-05
   1.8405618239736299e-05
   1.8109832382789959e-05
   1.7231981612325642e-05
   1.5800280773664577e-05
   1.3860745910407313e-05
   1.1475715269534947e-05
   8.7218456974735847e-06
   5.6876488278775894e-06
   2.4706462455632155e-06
  -8.2576493987650268e-07
  -4.0956353616478092e-06
  -7.2338686925160767e-06
  -1.0139599530195609e-05
  -1.2719435296779102e-05
  -1.4890457948363300e-05
  -1.6582889029254089e-05
  -1.7742332411724293e-05
  -1.8331522631642727e-05
  -9.3154646655796425e-06
  -9.0160579661324736e-06
  -8.4268677453674945e-06
  -7.5668310618032253e-06
  -6.4635902020590552e-06
  -5.1526042349064882e-06
  -3.6760093277965478e-06
  -2.0812644568098809e-06
  -4.1962603370207519e-07
   1.2554995162065291e-06
   2.8902722785384416e-06
   4.4321493118740229e-06
   5.8315734188518764e-06
   7.0435659572723464e-06
   8.0291724916803364e-06
   8.7567148160522246e-06
   9.2028091202289719e-06
   9.3531175670569233e-06
   9.2028091198126383e-06
   8.7567148153444574e-06
   8.0291724916248253e-06
   7.0435659575637799e-06
   5.8315734183175816e-06
   4.4321493120474953e-06
   2.8902722793919255e-06
   1.2554995162611729e-06
  -4.1962603391284409e-07
  -2.0812644572175409e-06
  -3.6760093284383955e-06
  -5.1526042357738500e-06
  -6.4635902028084558e-06
  -7.5668310622473145e-06
  -8.4268677457283170e-06
  -9.0160579662018625e-06
  -9.3154646655796425e-06
   3.3456866061009731e-16
   4.4807096082712098e-16
   2.3722460888544653e-16
  -5.8805583869424538e-17
   1.9601761086096340e-17
   2.0117173075809825e-16
   1.3616431494625808e-16
  -8.8687530668728476e-17
  -5.2465851557366083e-16
   4.5578273401321664e-17
   7.3708050177629235e-16
   5.1165760820506391e-16
   1.0364638590334657e-16
  -3.3010403381042048e-16
  -4.6597636235644703e-16
  -2.5580656654571589e-16
  -1.1603595227281560e-16
  -9.2952861363348479e-17
  -9.2826958644616197e-18
   2.3427992047204426e-16
   4.3342354982890312e-16
  -1.6156480609754881e-16
  -9.2349964725510817e-16
  -5.9813173555109843e-16
  -2.1823713745499775e-16
  -3.7041320273862853e-17
   2.4758819870166277e-16
  -1.4457815266035628e-16
  -3.7330228590468048e-16
  -4.4140779181974814e-16
  -7.1280391148217414e-16
  -1.6389187943758205e-16
   2.1423952282875383e-16
  -1.5715779690859973e-16
  -1.7617187779351164e-16
   9.3154646656629092e-06
   9.0160579660353291e-06
   8.4268677451870833e-06
   7.5668310619142476e-06
   6.4635902023019165e-06
   5.1526042350868995e-06
   3.6760093285181927e-06
   2.0812644573511146e-06
   4.1962603420254291e-07
  -1.2554995158587171e-06
  -2.8902722791143698e-06
  -4.4321493119156563e-06
  -5.8315734183661538e-06
  -7.0435659575499021e-06
  -8.0291724917497254e-06
  -8.7567148154971131e-06
  -9.2028091199652939e-06
  -9.3531175672373346e-06
  -9.2028091204510165e-06
  -8.7567148162048802e-06
  -8.0291724918607477e-06
  -7.0435659576262299e-06
  -5.8315734191016766e-06
  -4.4321493121307620e-06
  -2.8902722785766055e-06
  -1.2554995162126006e-06
   4.1962603336120202e-07
   2.0812644565861016e-06
   3.6760093275363392e-06
   5.1526042346150547e-06
   6.4635902018161939e-06
   7.5668310618587364e-06
   8.4268677459364838e-06
   9.0160579665626850e-06
   9.3154646657461759e-06
   1.8331522631837016e-05
   1.7742332411530004e-05
   1.6582889029032044e-05
   1.4890457948474323e-05
   1.2719435297320336e-05
   1.0139599530709087e-05
   7.2338686922385209e-06
   4.0956353614431118e-06
   8.2576494010201673e-07
  -2.4706462452440264e-06
  -5.6876488274612558e-06
  -8.7218456970433733e-06
  -1.1475715269299025e-05
  -1.3860745910490579e-05
  -1.5800280773858866e-05
  -1.7231981612603198e-05
  -1.8109832383067515e-05
  -1.8405618240152632e-05
  -1.8109832382984248e-05
  -1.7231981612436664e-05
  -1.5800280774219688e-05
  -1.3860745911128958e-05
  -1.1475715269951281e-05
  -8.7218456978205294e-06
  -5.6876488284257620e-06
  -2.4706462457202080e-06
   8.2576494015319107e-07
   4.0956353617276064e-06
   7.2338686925993434e-06
   1.0139599530764598e-05
   1.2719435298083615e-05
   1.4890457948862901e-05
   1.6582889028227132e-05
   1.7742332410974893e-05
   1.8331522631781505e-05
   2.6758390379189034e-05
   2.5898353695041898e-05
   2.4205922613845798e-05
   2.1735493263425054e-05
   1.8566467276187604e-05
   1.4800699752959279e-05
   1.0559225561673768e-05
   5.9783691749026868e-06
   1.2053630830261008e-06
  -3.6063843715031241e-06
  -8.3022196645868296e-06
  -1.2731214785663414e-05
  -1.6751018188765343e-05
  -2.0232430084976549e-05
  -2.3063555030511385e-05
  -2.5153398340693744e-05
  -2.6434790732499103e-05
  -2.6866547199744240e-05
  -2.6434790733442792e-05
  -2.5153398341970501e-05
  -2.3063555031760385e-05
  -2.0232430085642683e-05
  -1.6751018188737588e-05
  -1.2731214785635658e-05
  -8.3022196641149848e-06
  -3.6063843714302657e-06
   1.2053630829254869e-06
   5.9783691763390379e-06
   1.0559225564144015e-05
   1.4800699754707880e-05
   1.8566467276992515e-05
   2.1735493264313233e-05
   2.4205922614928266e-05
   2.5898353695902321e-05
   2.6758390379494346e-05
   3.4325221441144915e-05
   3.3221980581310540e-05
   3.1050957930101042e-05
   2.7881931942419502e-05
   2.3816757720368509e-05
   1.8986093308637209e-05
   1.3545200237483068e-05
   7.6689532853765896e-06
   1.5462198639064340e-06
  -4.6262103363496621e-06
  -1.0649950330052227e-05
  -1.6331392156621050e-05
  -2.1487929602048705e-05
  -2.5953827310104538e-05
  -2.9585547653421251e-05
  -3.2266364152322424e-05
  -3.3910113157842314e-05
  -3.4463963224484750e-05
  -3.3910113156010446e-05
  -3.2266364149990956e-05
  -2.9585547651367339e-05
  -2.5953827308355937e-05
  -2.1487929601354816e-05
  -1.6331392156648805e-05
  -1.0649950329691404e-05
  -4.6262103359055728e-06
   1.5462198638023505e-06
   7.6689532848839281e-06
   1.3545200237455313e-05
   1.8986093309386609e-05
   2.3816757720507287e-05
   2.7881931941781124e-05
   3.1050957929934508e-05
   3.3221980581810140e-05
   3.4325221441533493e-05
   4.0788811642600287e-05
   3.9477825674871792e-05
   3.6897989908246664e-05
   3.3132222385767740e-05
   2.8301557974452773e-05
   2.2561258203629420e-05
   1.6095821030737145e-05
   9.1130509260115011e-06
   1.8373798661534824e-06
  -5.4973460944067465e-06
  -1.2655382827908568e-05
  -1.9406665144966473e-05
  -2.5534201276544710e-05
  -3.0841047169050118e-05
  -3.5156636429833910e-05
  -3.8342262468349375e-05
  -4.0295536642476204e-05
  -4.0953679113775454e-05
  -4.0295536642365182e-05
  -3.8342262468238353e-05
  -3.5156636429778398e-05
  -3.0841047168661540e-05
  -2.5534201275156931e-05
  -1.9406665144272583e-05
  -1.2655382828463679e-05
  -5.4973460945489938e-06
   1.8373798656642903e-06
   9.1130509253037340e-06
   1.6095821030542856e-05
   2.2561258202907775e-05
   2.8301557973592351e-05
   3.3132222386544896e-05
   3.6897989909634443e-05
   3.9477825675149347e-05
   4.0788811642600287e-05
   4.5941415878658631e-05
   4.4464820971756858e-05
   4.1559090132481380e-05
   3.7317615941834248e-05
   3.1876722869750296e-05
   2.5411285696386177e-05
   1.8129108892206425e-05
   1.0264247611080357e-05
   2.0694849670599424e-06
  -6.1917926263282963e-06
  -1.4254060909948962e-05
  -2.1858191948137540e-05
  -2.8759782712717286e-05
  -3.4737010396079793e-05
  -3.9597761983256596e-05
  -4.3185808919321556e-05
  -4.5385828423949448e-05
  -4.6127110059801524e-05
  -4.5385828424726604e-05
  -4.3185808920209734e-05
  -3.9597761983978241e-05
  -3.4737010396801438e-05
  -2.8759782712911575e-05
  -2.1858191947915495e-05
  -1.4254060909657529e-05
  -6.1917926265850354e-06
   2.0694849672750482e-06
   1.0264247611094235e-05
   1.8129108891373757e-05
   2.5411285696497199e-05
   3.1876722869972340e-05
   3.7317615940613003e-05
   4.1559090130871557e-05
   4.4464820970591123e-05
   4.5941415878048009e-05
   4.9617425204928622e-05
   4.8022680332993062e-05
   4.4884447002735417e-05
   4.0303590614743090e-05
   3.4427343662435383e-05
   2.7444573558438323e-05
   1.9579712277589811e-05
   1.1085542933400583e-05
   2.2350751190912399e-06
  -6.6872298479965508e-06
  -1.5394601746016034e-05
  -2.3607178477241808e-05
  -3.1061001066923222e-05
  -3.7516497526257631e-05
  -4.2766182887787885e-05
  -4.6641327942575916e-05
  -4.9017382340421634e-05
  -4.9817977737676156e-05
  -4.9017382339588966e-05
  -4.6641327941743249e-05
  -4.2766182887399307e-05
  -3.7516497527090298e-05
  -3.1061001067589356e-05
  -2.3607178477269564e-05
  -1.5394601746307468e-05
  -6.6872298478126702e-06
   2.2350751200522767e-06
   1.1085542934968773e-05
   1.9579712278533501e-05
   2.7444573558549346e-05
   3.4427343662990495e-05
   4.0303590615686780e-05
   4.4884447003679107e-05
   4.8022680333825729e-05
   4.9617425205261689e-05
   5.1698689661927588e-05
   5.0037051239126829e-05
   4.6767180818141352e-05
   4.1994174724890865e-05
   3.5871441303292340e-05
   2.8595770243472485e-05
   2.0401007599396559e-05
   1.1550539785368241e-05
   2.3288281185487869e-06
  -6.9677340000864896e-06
  -1.6040347414814082e-05
  -2.4597410865745406e-05
  -3.2363893293085866e-05
  -3.9090173560740737e-05
  -4.4560063485521439e-05
  -4.8597756306112405e-05
  -5.1073477253082977e-05
  -5.1907654618377208e-05
  -5.1073477254082178e-05
  -4.8597756306723028e-05
  -4.4560063485465928e-05
  -3.9090173559186425e-05
  -3.2363893291531554e-05
  -2.4597410864551916e-05
  -1.6040347414189582e-05
  -6.9677340002044508e-06
   2.3288281181671477e-06
   1.1550539784868641e-05
   2.0401007599035736e-05
   2.8595770243444729e-05
   3.5871441303569895e-05
   4.1994174725112909e-05
   4.6767180818030329e-05
   5.0037051238294161e-05
   5.1698689661261454e-05
   5.2118315696902950e-05
   5.0443190147020367e-05
   4.7146778960782676e-05
   4.2335031506635090e-05
   3.6162601305900210e-05
   2.8827875344805687e-05
   2.0566597751403570e-05
   1.1644292783885568e-05
   2.3477306653786612e-06
  -7.0242894484560947e-06
  -1.6170543120114234e-05
  -2.4797062231018963e-05
  -3.2626583357786565e-05
  -3.9407459249685139e-05
  -4.4921746978232591e-05
  -4.8992212797471790e-05
  -5.1488028586066381e-05
  -5.2328976771598423e-05
  -5.1488028586732515e-05
  -4.8992212798470991e-05
  -4.4921746979398325e-05
  -3.9407459250240251e-05
  -3.2626583357120431e-05
  -2.4797062230602629e-05
  -1.6170543120710978e-05
  -7.0242894491187591e-06
   2.3477306648964080e-06
   1.1644292783080656e-05
   2.0566597750210081e-05
   2.8827875344139553e-05
   3.6162601305622655e-05
   4.2335031505857934e-05
   4.7146778960116542e-05
   5.0443190146742811e-05
   5.2118315696791928e-05
   5.0862816177221770e-05
   4.9228043415616707e-05
   4.6011040834126327e-05
   4.1315205541347932e-05
   3.5291465548092926e-05
   2.8133428814053341e-05
   2.0071160529072651e-05
   1.1363788630869287e-05
   2.2911752166412946e-06
  -6.8550784543749965e-06
  -1.5781004263637488e-05
  -2.4199715611211703e-05
  -3.1840628188339881e-05
  -3.8458156777165797e-05
  -4.3839608562690202e-05
  -4.7812019258464122e-05
  -5.0247712314765991e-05
  -5.1068402552145731e-05
  -5.0247712313322701e-05
  -4.7812019256909810e-05
  -4.3839608562745713e-05
  -3.8458156778220509e-05
  -3.1840628189949705e-05
  -2.4199715612738260e-05
  -1.5781004264470155e-05
  -6.8550784549682720e-06
   2.2911752162978194e-06
   1.1363788630563976e-05
   2.0071160528684073e-05
   2.8133428813470474e-05
   3.5291465547648837e-05
   4.1315205540348732e-05
   4.6011040832349970e-05
   4.9228043414895062e-05
   5.0862816177388304e-05
   4.7972543899599263e-05
   4.6430666866659198e-05
   4.3396469996237474e-05
   3.8967474874196384e-05
   3.3286033048418595e-05
   2.6534750732193357e-05
   1.8930619693768858e-05
   1.0718042962251650e-05
   2.1609795113584906e-06
  -6.4655395984360153e-06
  -1.4884250946270439e-05
  -2.2824570222540475e-05
  -3.0031289031090536e-05
  -3.6272777500179210e-05
  -4.1348429055176883e-05
  -4.5095108078319068e-05
  -4.7392393223932849e-05
  -4.8166447856823336e-05
  -4.7392393224210405e-05
  -4.5095108079040713e-05
  -4.1348429055843017e-05
  -3.6272777501455966e-05
  -3.0031289033005670e-05
  -2.2824570224427854e-05
  -1.4884250947450051e-05
  -6.4655395988662268e-06
   2.1609795115527797e-06
   1.0718042962917784e-05
   1.8930619694518258e-05
   2.6534750732137846e-05
   3.3286033047752461e-05
   3.8967474874362917e-05
   4.3396469997403209e-05
   4.6430666866825732e-05
   4.7972543898988640e-05
   4.3540394587648912e-05
   4.2140970480941675e-05
   3.9387100909615835e-05
   3.5367297506472273e-05
   3.0210760060100927e-05
   2.4083223928272890e-05
   1.7181633165413990e-05
   9.7278105748582755e-06
   1.9613281476739408e-06
  -5.8681929803287847e-06
  -1.3509105557696355e-05
  -2.0715824366662750e-05
  -2.7256719534796137e-05
  -3.2921561310239600e-05
  -3.7528277018361589e-05
  -4.0928803024142812e-05
  -4.3013843623651571e-05
  -4.3716383897274280e-05
  -4.3013843622485837e-05
  -4.0928803023088101e-05
  -3.7528277017140343e-05
  -3.2921561308851821e-05
  -2.7256719533408358e-05
  -2.0715824365247215e-05
  -1.3509105557155121e-05
  -5.8681929804398070e-06
   1.9613281470147459e-06
   9.7278105738798915e-06
   1.7181633165358479e-05
   2.4083223929494135e-05
   3.0210760060045416e-05
   3.5367297504973472e-05
   3.9387100907728456e-05
   4.2140970479720430e-05
   4.3540394587648912e-05
   3.7708821169601947e-05
   3.6496828629994926e-05
   3.4111797989067050e-05
   3.0630386092966866e-05
   2.6164488384800011e-05
   2.0857642492821959e-05
   1.4880414809625986e-05
   8.4249183505066827e-06
   1.6986380826158887e-06
  -5.0822378110937372e-06
  -1.1699766399128619e-05
  -1.7941254868286682e-05
  -2.3606096643979946e-05
  -2.8512219050369492e-05
  -3.2501935276318950e-05
  -3.5447012560474445e-05
  -3.7252793694986241e-05
  -3.7861239388092827e-05
  -3.7252793695374820e-05
  -3.5447012560807512e-05
  -3.2501935277262639e-05
  -2.8512219051174403e-05
  -2.3606096643979946e-05
  -1.7941254867703815e-05
  -1.1699766398282074e-05
  -5.0822378110070010e-06
   1.6986380822099634e-06
   8.4249183500834102e-06
   1.4880414808904341e-05
   2.0857642492877471e-05
   2.6164488386354323e-05
   3.0630386094077089e-05
   3.4111797989400117e-05
   3.6496828630272482e-05
   3.7708821169657458e-05
   3.0665255210116094e-05
   2.9679648675895454e-05
   2.7740113813540246e-05
   2.4908988868921345e-05
   2.1277268526687099e-05
   1.6961679266458418e-05
   1.2100927677893836e-05
   6.8512423174738046e-06
   1.3813523923513621e-06
  -4.1329353358769000e-06
  -9.5143871223501986e-06
  -1.4590038676667860e-05
  -1.9196754384637194e-05
  -2.3186470612335253e-05
  -2.6430954595257905e-05
  -2.8825925949660380e-05
  -3.0294408325859390e-05
  -3.0789203492864736e-05
  -3.0294408326192457e-05
  -2.8825925949327313e-05
  -2.6430954594203193e-05
  -2.3186470611336052e-05
  -1.9196754385109038e-05
  -1.4590038677708694e-05
  -9.5143871223224430e-06
  -4.1329353359861876e-06
   1.3813523925057525e-06
   6.8512423188199501e-06
   1.2100927679045692e-05
   1.6961679266264129e-05
   2.1277268527075677e-05
   2.4908988870142590e-05
   2.7740113815399869e-05
   2.9679648678060389e-05
   3.0665255210893250e-05
   2.2636082719851292e-05
   2.1908540396436971e-05
   2.0476839557664883e-05
   1.8386996247093945e-05
   1.5706179748803395e-05
   1.2520553710884674e-05
   8.9325067741813369e-06
   5.0573617197020859e-06
   1.0196688980598778e-06
  -3.0507969208774799e-06
  -7.0232076149201461e-06
  -1.0769886638589687e-05
  -1.4170412644357033e-05
  -1.7115489928137828e-05
  -1.9510461283900327e-05
  -2.1278350359560383e-05
  -2.2362335746761719e-05
  -2.2727577263681464e-05
  -2.2362335746983764e-05
  -2.1278350359477116e-05
  -1.9510461283345215e-05
  -1.7115489928082317e-05
  -1.4170412644010089e-05
  -1.0769886638062331e-05
  -7.0232076144691180e-06
  -3.0507969196527651e-06
   1.0196688990417313e-06
   5.0573617199241305e-06
   8.9325067740703146e-06
   1.2520553711051208e-05
   1.5706179749164217e-05
   1.8386996246788634e-05
   2.0476839556804460e-05
   2.1908540395437770e-05
   2.2636082719323936e-05
   1.3879367903951723e-05
   1.3433273599164353e-05
   1.2555422827867369e-05
   1.1274030437283256e-05
   9.6302814320964325e-06
   7.6770072569495862e-06
   5.4769877524812882e-06
   3.1009333550796603e-06
   6.2521240730851330e-07
  -1.8706033807864772e-06
  -4.3062964367526768e-06
  -6.6035815827897304e-06
  -8.6886221825621668e-06
  -1.0494403316380074e-05
  -1.1962885693383996e-05
  -1.3046871081098810e-05
  -1.3711519297243679e-05
  -1.3935468000964013e-05
  -1.3711519296938368e-05
  -1.3046871081334732e-05
  -1.1962885693869718e-05
  -1.0494403316865797e-05
  -8.6886221824927778e-06
  -6.6035815821374744e-06
  -4.3062964362253209e-06
  -1.8706033796372229e-06
   6.2521240860695382e-07
   3.1009333551386409e-06
   5.4769877524465937e-06
   7.6770072566303971e-06
   9.6302814307641649e-06
   1.1274030436853044e-05
   1.2555422828255947e-05
   1.3433273599677831e-05
   1.3879367904257034e-05
   4.6765587834798894e-06
   4.5262503364576490e-06
   4.2304644792684476e-06
   3.7987080130225115e-06
   3.2448579456792470e-06
   2.5867154733877351e-06
   1.8454338378565832e-06
   1.0448384408466571e-06
   2.1066107601993428e-07
  -6.3028710896393531e-07
  -1.4509773473368043e-06
  -2.2250319801422891e-06
  -2.9275722549862437e-06
  -3.5360179481379317e-06
  -4.0308131140712189e-06
  -4.3960546307758586e-06
  -4.6200033348986480e-06
  -4.6954613306393611e-06
  -4.6200033354121262e-06
  -4.3960546315530147e-06
  -4.0308131146402082e-06
  -3.5360179473364894e-06
  -2.9275722537858151e-06
  -2.2250319793651330e-06
  -1.4509773468077136e-06
  -6.3028710895569537e-07
   2.1066107577056778e-07
   1.0448384408908926e-06
   1.8454338379589319e-06
   2.5867154730824238e-06
   3.2448579449784187e-06
   3.7987080125992390e-06
   4.2304644791088530e-06
   4.5262503361800932e-06
   4.6765587834105005e-06
   0.0000000000000000e+00
   0.0000000000000000e+00
   0.0000000000000000e+00
   0.0000000000000000e+00
   0.0000000000000000e+00
   0.0000000000000000e+00
   0.0000000000000000e+00
   0.0000000000000000e+00
   0.0000000000000000e+00
   0.0000000000000000e+00
   0.0000000000000000e+00
   0.0000000000000000e+00
   0.0000000000000000e+00
   0.0000000000000000e+00
   0.0000000000000000e+00
   0.0000000000000000e+00
   0.0000000000000000e+00
   0.0000000000000000e+00
  -0.0000000000000000e+00
  -0.0000000000000000e+00
  -0.0000000000000000e+00
  -0.0000000000000000e+00
  -0.0000000000000000e+00
  -0.0000000000000000e+00
  -0.0000000000000000e+00
  -0.0000000000000000e+00
  -0.0000000000000000e+00
  -0.0000000000000000e+00
  -0.0000000000000000e+00
  -0.0000000000000000e+00
  -0.0000000000000000e+00
  -0.0000000000000000e+00
  -0.0000000000000000e+00
  -0.0000000000000000e+00
  -0.0000000000000000e+00
   0.0000000000000000e+00
   0.0000000000000000e+00
   0.0000000000000000e+00
   0.0000000000000000e+00
   0.0000000000000000e+00
   0.0000000000000000e+00
   0.0000000000000000e+00
   0.0000000000000000e+00
   0.0000000000000000e+00
   0.0000000000000000e+00
   0.0000000000000000e+00
   0.0000000000000000e+00
   0.0000000000000000e+00
   0.0000000000000000e+00
   0.0000000000000000e+00
   0.0000000000000000e+00
   0.0000000000000000e+00
   0.0000000000000000e+00
  -0.0000000000000000e+00
  -0.0000000000000000e+00
  -0.0000000000000000e+00
  -0.0000000000000000e+00
  -0.0000000000000000e+00
  -0.0000000000000000e+00
  -0.0000000000000000e+00
  -0.0000000000000000e+00
  -0.0000000000000000e+00
  -0.0000000000000000e+00
  -0.0000000000000000e+00
  -0.0000000000000000e+00
  -0.0000000000000000e+00
  -0.0000000000000000e+00
  -0.0000000000000000e+00
  -0.0000000000000000e+00
  -0.0000000000000000e+00
   0.0000000000000000e+00
   0.0000000000000000e+00
   0.0000000000000000e+00
   0.0000000000000000e+00
   0.0000000000000000e+00
   0.0000000000000000e+00
   0.0000000000000000e+00
   0.0000000000000000e+00
   0.0000000000000000e+00
   0.0000000000000000e+00
   0.0000000000000000e+00
   0.0000000000000000e+00
   0.0000000000000000e+00
   0.0000000000000000e+00
   0.0000000000000000e+00
   0.0000000000000000e+00
   0.0000000000000000e+00
  -0.0000000000000000e+00
  -0.0000000000000000e+00
  -0.0000000000000000e+00
  -0.0000000000000000e+00
  -0.0000000000000000e+00
  -0.0000000000000000e+00
  -0.0000000000000000e+00
  -0.0000000000000000e+00
  -0.0000000000000000e+00
  -0.0000000000000000e+00
  -0.0000000000000000e+00
  -0.0000000000000000e+00
  -0.0000000000000000e+00
  -0.0000000000000000e+00
  -0.0000000000000000e+00
  -0.0000000000000000e+00
  -0.0000000000000000e+00
  -0.0000000000000000e+00
   0.0000000000000000e+00
   0.0000000000000000e+00
   0.0000000000000000e+00
   0.0000000000000000e+00
   0.0000000000000000e+00
   0.0000000000000000e+00
   0.0000000000000000e+00
   0.0000000000000000e+00
   0.0000000000000000e+00
   0.0000000000000000e+00
   0.0000000000000000e+00
   0.0000000000000000e+00
   0.0000000000000000e+00
   0.0000000000000000e+00
   0.0000000000000000e+00
   0.0000000000000000e+00
   0.0000000000000000e+00
  -0.0000000000000000e+00
  -0.0000000000000000e+00
  -0.0000000000000000e+00
  -0.0000000000000000e+00
  -0.0000000000000000e+00
  -0.0000000000000000e+00
  -0.0000000000000000e+00
  -0.0000000000000000e+00
  -0.0000000000000000e+00
  -0.0000000000000000e+00
  -0.0000000000000000e+00
  -0.0000000000000000e+00
  -0.0000000000000000e+00
  -0.0000000000000000e+00
  -0.0000000000000000e+00
  -0.0000000000000000e+00
  -0.0000000000000000e+00
  -0.0000000000000000e+00
   0.0000000000000000e+00
   0.0000000000000000e+00
   0.0000000000000000e+00
   0.0000000000000000e+00
   0.0000000000000000e+00
   0.0000000000000000e+00
   0.0000000000000000e+00
   0.0000000000000000e+00
   0.0000000000000000e+00
   0.0000000000000000e+00
   0.0000000000000000e+00
   0.0000000000000000e+00
   0.0000000000000000e+00
   0.0000000000000000e+00
   0.0000000000000000e+00
   0.0000000000000000e+00
   0.0000000000000000e+00
   0.0000000000000000e+00
  -0.0000000000000000e+00
  -0.0000000000000000e+00
  -0.0000000000000000e+00
  -0.0000000000000000e+00
  -0.0000000000000000e+00
  -0.0000000000000000e+00
  -0.0000000000000000e+00
  -0.0000000000000000e+00
  -0.0000000000000000e+00
  -0.0000000000000000e+00
  -0.0000000000000000e+00
  -0.0000000000000000e+00
  -0.0000000000000000e+00
  -0.0000000000000000e+00
  -0.0000000000000000e+00
  -0.0000000000000000e+00
  -0.0000000000000000e+00
   0.0000000000000000e+00
   0.0000000000000000e+00
   0.0000000000000000e+00
   0.0000000000000000e+00
   0.0000000000000000e+00
   0.0000000000000000e+00
   0.0000000000000000e+00
   0.0000000000000000e+00
   0.0000000000000000e+00
   0.0000000000000000e+00
   0.0000000000000000e+00
   0.0000000000000000e+00
   0.0000000000000000e+00
   0.0000000000000000e+00
   0.0000000000000000e+00
   0.0000000000000000e+00
   0.0000000000000000e+00
   0.0000000000000000e+00
  -0.0000000000000000e+00
  -0.0000000000000000e+00
  -0.0000000000000000e+00
  -0.0000000000000000e+00
  -0.0000000000000000e+00
  -0.0000000000000000e+00
  -0.0000000000000000e+00
  -0.0000000000000000e+00
  -0.0000000000000000e+00
  -0.0000000000000000e+00
  -0.0000000000000000e+00
  -0.0000000000000000e+00
  -0.0000000000000000e+00
  -0.0000000000000000e+00
  -0.0000000000000000e+00
  -0.0000000000000000e+00
  -0.0000000000000000e+00
   0.0000000000000000e+00
   0.0000000000000000e+00
   0.0000000000000000e+00
   0.0000000000000000e+00
   0.0000000000000000e+00
   0.0000000000000000e+00
   0.0000000000000000e+00
   0.0000000000000000e+00
   0.0000000000000000e+00
   0.0000000000000000e+00
   0.0000000000000000e+00
   0.0000000000000000e+00
   0.0000000000000000e+00
   0.0000000000000000e+00
   0.0000000000000000e+00
   0.0000000000000000e+00
   0.0000000000000000e+00
   0.0000000000000000e+00
  -0.0000000000000000e+00
  -0.0000000000000000e+00
  -0.0000000000000000e+00
  -0.0000000000000000e+00
  -0.0000000000000000e+00
  -0.0000000000000000e+00
  -0.0000000000000000e+00
  -0.0000000000000000e+00
  -0.0000000000000000e+00
  -0.0000000000000000e+00
  -0.0000000000000000e+00
  -0.0000000000000000e+00
  -0.0000000000000000e+00
  -0.0000000000000000e+00
  -0.0000000000000000e+00
  -0.0000000000000000e+00
  -0.0000000000000000e+00
   0.0000000000000000e+00
   0.0000000000000000e+00
   0.0000000000000000e+00
   0.0000000000000000e+00
   0.0000000000000000e+00
   0.0000000000000000e+00
   0.0000000000000000e+00
   0.0000000000000000e+00
   0.0000000000000000e+00
   0.0000000000000000e+00
   0.0000000000000000e+00
   0.0000000000000000e+00
   0.0000000000000000e+00
   0.0000000000000000e+00
   0.0000000000000000e+00
   0.0000000000000000e+00
   0.0000000000000000e+00
  -0.0000000000000000e+00
  -0.0000000000000000e+00
  -0.0000000000000000e+00
  -0.0000000000000000e+00
  -0.0000000000000000e+00
  -0.0000000000000000e+00
  -0.0000000000000000e+00
  -0.0000000000000000e+00
  -0.0000000000000000e+00
  -0.0000000000000000e+00
  -0.0000000000000000e+00
  -0.0000000000000000e+00
  -0.0000000000000000e+00
  -0.0000000000000000e+00
  -0.0000000000000000e+00
  -0.0000000000000000e+00
  -0.0000000000000000e+00
  -0.0000000000000000e+00
   0.0000000000000000e+00
   0.0000000000000000e+00
   0.0000000000000000e+00
   0.0000000000000000e+00
   0.0000000000000000e+00
   0.0000000000000000e+00
   0.0000000000000000e+00
   0.0000000000000000e+00
   0.0000000000000000e+00
   0.0000000000000000e+00
   0.0000000000000000e+00
   0.0000000000000000e+00
   0.0000000000000000e+00
   0.0000000000000000e+00
   0.0000000000000000e+00
   0.0000000000000000e+00
   0.0000000000000000e+00
  -0.0000000000000000e+00
  -0.0000000000000000e+00
  -0.0000000000000000e+00
  -0.0000000000000000e+00
  -0.0000000000000000e+00
  -0.0000000000000000e+00
  -0.0000000000000000e+00
  -0.0000000000000000e+00
  -0.0000000000000000e+00
  -0.0000000000000000e+00
  -0.0000000000000000e+00
  -0.0000000000000000e+00
  -0.0000000000000000e+00
  -0.0000000000000000e+00
  -0.0000000000000000e+00
  -0.0000000000000000e+00
  -0.0000000000000000e+00
  -0.0000000000000000e+00
  -0.0000000000000000e+00
  -0.0000000000000000e+00
  -0.0000000000000000e+00
  -0.0000000000000000e+00
  -0.0000000000000000e+00
  -0.0000000000000000e+00
  -0.0000000000000000e+00
  -0.0000000000000000e+00
  -0.0000000000000000e+00
  -0.0000000000000000e+00
  -0.0000000000000000e+00
  -0.0000000000000000e+00
  -0.0000000000000000e+00
  -0.0000000000000000e+00
  -0.0000000000000000e+00
  -0.0000000000000000e+00
  -0.0000000000000000e+00
   0.0000000000000000e+00
   0.0000000000000000e+00
   0.0000000000000000e+00
   0.0000000000000000e+00
   0.0000000000000000e+00
   0.0000000000000000e+00
   0.0000000000000000e+00
   0.0000000000000000e+00
   0.0000000000000000e+00
   0.0000000000000000e+00
   0.0000000000000000e+00
   0.0000000000000000e+00
   0.0000000000000000e+00
   0.0000000000000000e+00
   0.0000000000000000e+00
   0.0000000000000000e+00
   0.0000000000000000e+00
   0.0000000000000000e+00
  -0.0000000000000000e+00
  -0.0000000000000000e+00
  -0.0000000000000000e+00
  -0.0000000000000000e+00
  -0.0000000000000000e+00
  -0.0000000000000000e+00
  -0.0000000000000000e+00
  -0.0000000000000000e+00
  -0.0000000000000000e+00
  -0.0000000000000000e+00
  -0.0000000000000000e+00
  -0.0000000000000000e+00
  -0.0000000000000000e+00
  -0.0000000000000000e+00
  -0.0000000000000000e+00
  -0.0000000000000000e+00
  -0.0000000000000000e+00
   0.0000000000000000e+00
   0.0000000000000000e+00
   0.0000000000000000e+00
   0.0000000000000000e+00
   0.0000000000000000e+00
   0.0000000000000000e+00
   0.0000000000000000e+00
   0.0000000000000000e+00
   0.0000000000000000e+00
   0.0000000000000000e+00
   0.0000000000000000e+00
   0.0000000000000000e+00
   0.0000000000000000e+00
   0.0000000000000000e+00
   0.0000000000000000e+00
   0.0000000000000000e+00
   0.0000000000000000e+00
   0.0000000000000000e+00
  -0.0000000000000000e+00
  -0.0000000000000000e+00
  -0.0000000000000000e+00
  -0.0000000000000000e+00
  -0.0000000000000000e+00
  -0.0000000000000000e+00
  -0.0000000000000000e+00
  -0.0000000000000000e+00
  -0.0000000000000000e+00
  -0.0000000000000000e+00
  -0.0000000000000000e+00
  -0.0000000000000000e+00
  -0.0000000000000000e+00
  -0.0000000000000000e+00
  -0.0000000000000000e+00
  -0.0000000000000000e+00
  -0.0000000000000000e+00
   0.0000000000000000e+00
   0.0000000000000000e+00
   0.0000000000000000e+00
   0.0000000000000000e+00
   0.0000000000000000e+00
   0.0000000000000000e+00
   0.0000000000000000e+00
   0.0000000000000000e+00
   0.0000000000000000e+00
   0.0000000000000000e+00
   0.0000000000000000e+00
   0.0000000000000000e+00
   0.0000000000000000e+00
   0.0000000000000000e+00
   0.0000000000000000e+00
   0.0000000000000000e+00
   0.0000000000000000e+00
   0.0000000000000000e+00
  -0.0000000000000000e+00
  -0.0000000000000000e+00
  -0.0000000000000000e+00
  -0.0000000000000000e+00
  -0.0000000000000000e+00
  -0.0000000000000000e+00
  -0.0000000000000000e+00
  -0.0000000000000000e+00
  -0.0000000000000000e+00
  -0.0000000000000000e+00
  -0.0000000000000000e+00
  -0.0000000000000000e+00
  -0.0000000000000000e+00
  -0.0000000000000000e+00
  -0.0000000000000000e+00
  -0.0000000000000000e+00
  -0.0000000000000000e+00
   0.0000000000000000e+00
   0.0000000000000000e+00
   0.0000000000000000e+00
   0.0000000000000000e+00
   0.0000000000000000e+00
   0.0000000000000000e+00
   0.0000000000000000e+00
   0.0000000000000000e+00
   0.0000000000000000e+00
   0.0000000000000000e+00
   0.0000000000000000e+00
   0.0000000000000000e+00
   0.0000000000000000e+00
   0.0000000000000000e+00
   0.0000000000000000e+00
   0.0000000000000000e+00
   0.0000000000000000e+00
   0.0000000000000000e+00
  -0.0000000000000000e+00
  -0.0000000000000000e+00
  -0.0000000000000000e+00
  -0.0000000000000000e+00
  -0.0000000000000000e+00
  -0.0000000000000000e+00
  -0.0000000000000000e+00
  -0.0000000000000000e+00
  -0.0000000000000000e+00
  -0.0000000000000000e+00
  -0.0000000000000000e+00
  -0.0000000000000000e+00
  -0.0000000000000000e+00
  -0.0000000000000000e+00
  -0.0000000000000000e+00
  -0.0000000000000000e+00
  -0.0000000000000000e+00
  -0.0000000000000000e+00
   0.0000000000000000e+00
   0.0000000000000000e+00
   0.0000000000000000e+00
   0.0000000000000000e+00
   0.0000000000000000e+00
   0.0000000000000000e+00
   0.0000000000000000e+00
   0.0000000000000000e+00
   0.0000000000000000e+00
   0.0000000000000000e+00
   0.0000000000000000e+00
   0.0000000000000000e+00
   0.0000000000000000e+00
   0.0000000000000000e+00
   0.0000000000000000e+00
   0.0000000000000000e+00
   0.0000000000000000e+00
  -0.0000000000000000e+00
  -0.0000000000000000e+00
  -0.0000000000000000e+00
  -0.0000000000000000e+00
  -0.0000000000000000e+00
  -0.0000000000000000e+00
  -0.0000000000000000e+00
  -0.0000000000000000e+00
  -0.0000000000000000e+00
  -0.0000000000000000e+00
  -0.0000000000000000e+00
  -0.0000000000000000e+00
  -0.0000000000000000e+00
  -0.0000000000000000e+00
  -0.0000000000000000e+00
  -0.0000000000000000e+00
  -0.0000000000000000e+00
  -0.0000000000000000e+00
   0.0000000000000000e+00
   0.0000000000000000e+00
   0.0000000000000000e+00
   0.0000000000000000e+00
   0.0000000000000000e+00
   0.0000000000000000e+00
   0.0000000000000000e+00
   0.0000000000000000e+00
   0.0000000000000000e+00
   0.0000000000000000e+00
   0.0000000000000000e+00
   0.0000000000000000e+00
   0.0000000000000000e+00
   0.0000000000000000e+00
   0.0000000000000000e+00
   0.0000000000000000e+00
   0.0000000000000000e+00
  -0.0000000000000000e+00
  -0.0000000000000000e+00
  -0.0000000000000000e+00
  -0.0000000000000000e+00
  -0.0000000000000000e+00
  -0.0000000000000000e+00
  -0.0000000000000000e+00
  -0.0000000000000000e+00
  -0.0000000000000000e+00
  -0.0000000000000000e+00
  -0.0000000000000000e+00
  -0.0000000000000000e+00
  -0.0000000000000000e+00
  -0.0000000000000000e+00
  -0.0000000000000000e+00
  -0.0000000000000000e+00
  -0.0000000000000000e+00
  -0.0000000000000000e+00
   0.0000000000000000e+00
   0.0000000000000000e+00
   0.0000000000000000e+00
   0.0000000000000000e+00
   0.0000000000000000e+00
   0.0000000000000000e+00
   0.0000000000000000e+00
   0.0000000000000000e+00
   0.0000000000000000e+00
   0.0000000000000000e+00
   0.0000000000000000e+00
   0.0000000000000000e+00
   0.0000000000000000e+00
   0.0000000000000000e+00
   0.0000000000000000e+00
   0.0000000000000000e+00
   0.0000000000000000e+00
  -0.0000000000000000e+00
  -0.0000000000000000e+00
  -0.0000000000000000e+00
  -0.0000000000000000e+00
  -0.0000000000000000e+00
  -0.0000000000000000e+00
  -0.0000000000000000e+00
  -0.0000000000000000e+00
  -0.0000000000000000e+00
  -0.0000000000000000e+00
  -0.0000000000000000e+00
  -0.0000000000000000e+00
  -0.0000000000000000e+00
  -0.0000000000000000e+00
  -0.0000000000000000e+00
  -0.0000000000000000e+00
  -0.0000000000000000e+00
  -0.0000000000000000e+00
   0.0000000000000000e+00
   0.0000000000000000e+00
   0.0000000000000000e+00
   0.0000000000000000e+00
   0.0000000000000000e+00
   0.0000000000000000e+00
   0.0000000000000000e+00
   0.0000000000000000e+00
   0.0000000000000000e+00
   0.0000000000000000e+00
   0.0000000000000000e+00
   0.0000000000000000e+00
   0.0000000000000000e+00
   0.0000000000000000e+00
   0.0000000000000000e+00
   0.0000000000000000e+00
   0.0000000000000000e+00
  -0.0000000000000000e+00
  -0.0000000000000000e+00
  -0.0000000000000000e+00
  -0.0000000000000000e+00
  -0.0000000000000000e+00
  -0.0000000000000000e+00
  -0.0000000000000000e+00
  -0.0000000000000000e+00
  -0.0000000000000000e+00
  -0.0000000000000000e+00
  -0.0000000000000000e+00
  -0.0000000000000000e+00
  -0.0000000000000000e+00
  -0.0000000000000000e+00
  -0.0000000000000000e+00
  -0.0000000000000000e+00
  -0.0000000000000000e+00
  -0.0000000000000000e+00
   0.0000000000000000e+00
   0.0000000000000000e+00
   0.0000000000000000e+00
   0.0000000000000000e+00
   0.0000000000000000e+00
   0.0000000000000000e+00
   0.0000000000000000e+00
   0.0000000000000000e+00
   0.0000000000000000e+00
   0.0000000000000000e+00
   0.0000000000000000e+00
   0.0000000000000000e+00
   0.0000000000000000e+00
   0.0000000000000000e+00
   0.0000000000000000e+00
   0.0000000000000000e+00
   0.0000000000000000e+00
  -0.0000000000000000e+00
  -0.0000000000000000e+00
  -0.0000000000000000e+00
  -0.0000000000000000e+00
  -0.0000000000000000e+00
  -0.0000000000000000e+00
  -0.0000000000000000e+00
  -0.0000000000000000e+00
  -0.0000000000000000e+00
  -0.0000000000000000e+00
  -0.0000000000000000e+00
  -0.0000000000000000e+00
  -0.0000000000000000e+00
  -0.0000000000000000e+00
  -0.0000000000000000e+00
  -0.0000000000000000e+00
  -0.0000000000000000e+00
   0.0000000000000000e+00
   0.0000000000000000e+00
   0.0000000000000000e+00
   0.0000000000000000e+00
   0.0000000000000000e+00
   0.0000000000000000e+00
   0.0000000000000000e+00
   0.0000000000000000e+00
   0.0000000000000000e+00
   0.0000000000000000e+00
   0.0000000000000000e+00
   0.0000000000000000e+00
   0.0000000000000000e+00
   0.0000000000000000e+00
   0.0000000000000000e+00
   0.0000000000000000e+00
   0.0000000000000000e+00
   0.0000000000000000e+00
  -0.0000000000000000e+00
  -0.0000000000000000e+00
  -0.0000000000000000e+00
  -0.0000000000000000e+00
  -0.0000000000000000e+00
  -0.0000000000000000e+00
  -0.0000000000000000e+00
  -0.0000000000000000e+00
  -0.0000000000000000e+00
  -0.0000000000000000e+00
  -0.0000000000000000e+00
  -0.0000000000000000e+00
  -0.0000000000000000e+00
  -0.0000000000000000e+00
  -0.0000000000000000e+00
  -0.0000000000000000e+00
  -0.0000000000000000e+00
   0.0000000000000000e+00
   0.0000000000000000e+00
   0.0000000000000000e+00
   0.0000000000000000e+00
   0.0000000000000000e+00
   0.0000000000000000e+00
   0.0000000000000000e+00
   0.0000000000000000e+00
   0.0000000000000000e+00
   0.0000000000000000e+00
   0.0000000000000000e+00
   0.0000000000000000e+00
   0.0000000000000000e+00
   0.0000000000000000e+00
   0.0000000000000000e+00
   0.0000000000000000e+00
   0.0000000000000000e+00
   0.0000000000000000e+00
  -0.0000000000000000e+00
  -0.0000000000000000e+00
  -0.0000000000000000e+00
  -0.0000000000000000e+00
  -0.0000000000000000e+00
  -0.0000000000000000e+00
  -0.0000000000000000e+00
  -0.0000000000000000e+00
  -0.0000000000000000e+00
  -0.0000000000000000e+00
  -0.0000000000000000e+00
  -0.0000000000000000e+00
  -0.0000000000000000e+00
  -0.0000000000000000e+00
  -0.0000000000000000e+00
  -0.0000000000000000e+00
  -0.0000000000000000e+00
   0.0000000000000000e+00
   0.0000000000000000e+00
   0.0000000000000000e+00
   0.0000000000000000e+00
   0.0000000000000000e+00
   0.0000000000000000e+00
   0.0000000000000000e+00
   0.0000000000000000e+00
   0.0000000000000000e+00
   0.0000000000000000e+00
   0.0000000000000000e+00
   0.0000000000000000e+00
   0.0000000000000000e+00
   0.0000000000000000e+00
   0.0000000000000000e+00
   0.0000000000000000e+00
   0.0000000000000000e+00
   0.0000000000000000e+00
  -0.0000000000000000e+00
  -0.0000000000000000e+00
  -0.0000000000000000e+00
  -0.0000000000000000e+00
  -0.0000000000000000e+00
  -0.0000000000000000e+00
  -0.0000000000000000e+00
  -0.0000000000000000e+00
  -0.0000000000000000e+00
  -0.0000000000000000e+00
  -0.0000000000000000e+00
  -0.0000000000000000e+00
  -0.0000000000000000e+00
  -0.0000000000000000e+00
  -0.0000000000000000e+00
  -0.0000000000000000e+00
  -0.0000000000000000e+00
   0.0000000000000000e+00
   0.0000000000000000e+00
   0.0000000000000000e+00
   0.0000000000000000e+00
   0.0000000000000000e+00
   0.0000000000000000e+00
   0.0000000000000000e+00
   0.0000000000000000e+00
   0.0000000000000000e+00
   0.0000000000000000e+00
   0.0000000000000000e+00
   0.0000000000000000e+00
   0.0000000000000000e+00
   0.0000000000000000e+00
   0.0000000000000000e+00
   0.0000000000000000e+00
   0.0000000000000000e+00
   0.0000000000000000e+00
  -0.0000000000000000e+00
  -0.0000000000000000e+00
  -0.0000000000000000e+00
  -0.0000000000000000e+00
  -0.0000000000000000e+00
  -0.0000000000000000e+00
  -0.0000000000000000e+00
  -0.0000000000000000e+00
  -0.0000000000000000e+00
  -0.0000000000000000e+00
  -0.0000000000000000e+00
  -0.0000000000000000e+00
  -0.0000000000000000e+00
  -0.0000000000000000e+00
  -0.0000000000000000e+00
  -0.0000000000000000e+00
  -0.0000000000000000e+00
  -0.0000000000000000e+00
   0.0000000000000000e+00
   0.0000000000000000e+00
   0.0000000000000000e+00
   0.0000000000000000e+00
   0.0000000000000000e+00
   0.0000000000000000e+00
   0.0000000000000000e+00
   0.0000000000000000e+00
   0.0000000000000000e+00
   0.0000000000000000e+00
   0.0000000000000000e+00
   0.0000000000000000e+00
   0.0000000000000000e+00
   0.0000000000000000e+00
   0.0000000000000000e+00
   0.0000000000000000e+00
   0.0000000000000000e+00
  -0.0000000000000000e+00
  -0.0000000000000000e+00
  -0.0000000000000000e+00
  -0.0000000000000000e+00
  -0.0000000000000000e+00
  -0.0000000000000000e+00
  -0.0000000000000000e+00
  -0.0000000000000000e+00
  -0.0000000000000000e+00
  -0.0000000000000000e+00
  -0.0000000000000000e+00
  -0.0000000000000000e+00
  -0.0000000000000000e+00
  -0.0000000000000000e+00
  -0.0000000000000000e+00
  -0.0000000000000000e+00
  -0.0000000000000000e+00
  -0.0000000000000000e+00
   0.0000000000000000e+00
   0.0000000000000000e+00
   0.0000000000000000e+00
   0.0000000000000000e+00
   0.0000000000000000e+00
   0.0000000000000000e+00
   0.0000000000000000e+00
   0.0000000000000000e+00
   0.0000000000000000e+00
   0.0000000000000000e+00
   0.0000000000000000e+00
   0.0000000000000000e+00
   0.0000000000000000e+00
   0.0000000000000000e+00
   0.0000000000000000e+00
   0.0000000000000000e+00
   0.0000000000000000e+00
  -0.0000000000000000e+00
  -0.0000000000000000e+00
  -0.0000000000000000e+00
  -0.0000000000000000e+00
  -0.0000000000000000e+00
  -0.0000000000000000e+00
  -0.0000000000000000e+00
  -0.0000000000000000e+00
  -0.0000000000000000e+00
  -0.0000000000000000e+00
  -0.0000000000000000e+00
  -0.0000000000000000e+00
  -0.0000000000000000e+00
  -0.0000000000000000e+00
  -0.0000000000000000e+00
  -0.0000000000000000e+00
  -0.0000000000000000e+00
  -0.0000000000000000e+00
   0.0000000000000000e+00
   0.0000000000000000e+00
   0.0000000000000000e+00
   0.0000000000000000e+00
   0.0000000000000000e+00
   0.0000000000000000e+00
   0.0000000000000000e+00
   0.0000000000000000e+00
   0.0000000000000000e+00
   0.0000000000000000e+00
   0.0000000000000000e+00
   0.0000000000000000e+00
   0.0000000000000000e+00
   0.0000000000000000e+00
   0.0000000000000000e+00
   0.0000000000000000e+00
   0.0000000000000000e+00
  -0.0000000000000000e+00
  -0.0000000000000000e+00
  -0.0000000000000000e+00
  -0.0000000000000000e+00
  -0.0000000000000000e+00
  -0.0000000000000000e+00
  -0.0000000000000000e+00
  -0.0000000000000000e+00
  -0.0000000000000000e+00
  -0.0000000000000000e+00
  -0.0000000000000000e+00
  -0.0000000000000000e+00
  -0.0000000000000000e+00
  -0.0000000000000000e+00
  -0.0000000000000000e+00
  -0.0000000000000000e+00
  -0.0000000000000000e+00
  -0.0000000000000000e+00
   0.0000000000000000e+00
   0.0000000000000000e+00
   0.0000000000000000e+00
   0.0000000000000000e+00
   0.0000000000000000e+00
   0.0000000000000000e+00
   0.0000000000000000e+00
   0.0000000000000000e+00
   0.0000000000000000e+00
   0.0000000000000000e+00
   0.0000000000000000e+00
   0.0000000000000000e+00
   0.0000000000000000e+00
   0.0000000000000000e+00
   0.0000000000000000e+00
   0.0000000000000000e+00
   0.0000000000000000e+00
   0.0000000000000000e+00
   0.0000000000000000e+00
   0.0000000000000000e+00
   0.0000000000000000e+00
   0.0000000000000000e+00
   0.0000000000000000e+00
   0.0000000000000000e+00
   0.0000000000000000e+00
   0.0000000000000000e+00
   0.0000000000000000e+00
   0.0000000000000000e+00
   0.0000000000000000e+00
   0.0000000000000000e+00
   0.0000000000000000e+00
   0.0000000000000000e+00
   0.0000000000000000e+00
   0.0000000000000000e+00
   0.0000000000000000e+00
  -0.0000000000000000e+00
  -0.0000000000000000e+00
  -0.0000000000000000e+00
  -0.0000000000000000e+00
  -0.0000000000000000e+00
  -0.0000000000000000e+00
  -0.0000000000000000e+00
  -0.0000000000000000e+00
  -0.0000000000000000e+00
  -0.0000000000000000e+00
  -0.0000000000000000e+00
  -0.0000000000000000e+00
  -0.0000000000000000e+00
  -0.0000000000000000e+00
  -0.0000000000000000e+00
  -0.0000000000000000e+00
  -0.0000000000000000e+00
   0.0000000000000000e+00
   0.0000000000000000e+00
   0.0000000000000000e+00
   0.0000000000000000e+00
   0.0000000000000000e+00
   0.0000000000000000e+00
   0.0000000000000000e+00
   0.0000000000000000e+00
   0.0000000000000000e+00
   0.0000000000000000e+00
   0.0000000000000000e+00
   0.0000000000000000e+00
   0.0000000000000000e+00
   0.0000000000000000e+00
   0.0000000000000000e+00
   0.0000000000000000e+00
   0.0000000000000000e+00
   0.0000000000000000e+00
  -0.0000000000000000e+00
  -0.0000000000000000e+00
  -0.0000000000000000e+00
  -0.0000000000000000e+00
  -0.0000000000000000e+00
  -0.0000000000000000e+00
  -0.0000000000000000e+00
  -0.0000000000000000e+00
  -0.0000000000000000e+00
  -0.0000000000000000e+00
  -0.0000000000000000e+00
  -0.0000000000000000e+00
  -0.0000000000000000e+00
  -0.0000000000000000e+00
  -0.0000000000000000e+00
  -0.0000000000000000e+00
  -0.0000000000000000e+00
   0.0000000000000000e+00
   0.0000000000000000e+00
   0.0000000000000000e+00
   0.0000000000000000e+00
   0.0000000000000000e+00
   0.0000000000000000e+00
   0.0000000000000000e+00
   0.0000000000000000e+00
   0.0000000000000000e+00
   0.0000000000000000e+00
   0.0000000000000000e+00
   0.0000000000000000e+00
   0.0000000000000000e+00
   0.0000000000000000e+00
   0.0000000000000000e+00
   0.0000000000000000e+00
   0.0000000000000000e+00
   0.0000000000000000e+00
  -0.0000000000000000e+00
  -0.0000000000000000e+00
  -0.0000000000000000e+00
  -0.0000000000000000e+00
  -0.0000000000000000e+00
  -0.0000000000000000e+00
  -0.0000000000000000e+00
  -0.0000000000000000e+00
  -0.0000000000000000e+00
  -0.0000000000000000e+00
  -0.0000000000000000e+00
  -0.0000000000000000e+00
  -0.0000000000000000e+00
  -0.0000000000000000e+00
  -0.0000000000000000e+00
  -0.0000000000000000e+00
  -0.0000000000000000e+00
   0.0000000000000000e+00
   0.0000000000000000e+00
   0.0000000000000000e+00
   0.0000000000000000e+00
   0.0000000000000000e+00
   0.0000000000000000e+00
   0.0000000000000000e+00
   0.0000000000000000e+00
   0.0000000000000000e+00
   0.0000000000000000e+00
   0.0000000000000000e+00
   0.0000000000000000e+00
   0.0000000000000000e+00
   0.0000000000000000e+00
   0.0000000000000000e+00
   0.0000000000000000e+00
   0.0000000000000000e+00
  -0.0000000000000000e+00
  -0.0000000000000000e+00
  -0.0000000000000000e+00
  -0.0000000000000000e+00
  -0.0000000000000000e+00
  -0.0000000000000000e+00
  -0.0000000000000000e+00
  -0.0000000000000000e+00
  -0.0000000000000000e+00
  -0.0000000000000000e+00
  -0.0000000000000000e+00
  -0.0000000000000000e+00
  -0.0000000000000000e+00
  -0.0000000000000000e+00
  -0.0000000000000000e+00
  -0.0000000000000000e+00
  -0.0000000000000000e+00
  -0.0000000000000000e+00
   0.0000000000000000e+00
   0.0000000000000000e+00
   0.0000000000000000e+00
   0.0000000000000000e+00
   0.0000000000000000e+00
   0.0000000000000000e+00
   0.0000000000000000e+00
   0.0000000000000000e+00
   0.0000000000000000e+00
   0.0000000000000000e+00
   0.0000000000000000e+00
   0.0000000000000000e+00
   0.0000000000000000e+00
   0.0000000000000000e+00
   0.0000000000000000e+00
   0.0000000000000000e+00
   0.0000000000000000e+00
  -0.0000000000000000e+00
  -0.0000000000000000e+00
  -0.0000000000000000e+00
  -0.0000000000000000e+00
  -0.0000000000000000e+00
  -0.0000000000000000e+00
  -0.0000000000000000e+00
  -0.0000000000000000e+00
  -0.0000000000000000e+00
  -0.0000000000000000e+00
  -0.0000000000000000e+00
  -0.0000000000000000e+00
  -0.0000000000000000e+00
  -0.0000000000000000e+00
  -0.0000000000000000e+00
  -0.0000000000000000e+00
  -0.0000000000000000e+00
  -0.0000000000000000e+00
   0.0000000000000000e+00
   0.0000000000000000e+00
   0.0000000000000000e+00
   0.0000000000000000e+00
   0.0000000000000000e+00
   0.0000000000000000e+00
   0.0000000000000000e+00
   0.0000000000000000e+00
   0.0000000000000000e+00
   0.0000000000000000e+00
   0.0000000000000000e+00
   0.0000000000000000e+00
   0.0000000000000000e+00
   0.0000000000000000e+00
   0.0000000000000000e+00
   0.0000000000000000e+00
   0.0000000000000000e+00
  -0.0000000000000000e+00
  -0.0000000000000000e+00
  -0.0000000000000000e+00
  -0.0000000000000000e+00
  -0.0000000000000000e+00
  -0.0000000000000000e+00
  -0.0000000000000000e+00
  -0.0000000000000000e+00
  -0.0000000000000000e+00
  -0.0000000000000000e+00
  -0.0000000000000000e+00
  -0.0000000000000000e+00
  -0.0000000000000000e+00
  -0.0000000000000000e+00
  -0.0000000000000000e+00
  -0.0000000000000000e+00
  -0.0000000000000000e+00
  -0.0000000000000000e+00
   0.0000000000000000e+00
   0.0000000000000000e+00
   0.0000000000000000e+00
   0.0000000000000000e+00
   0.0000000000000000e+00
   0.0000000000000000e+00
   0.0000000000000000e+00
   0.0000000000000000e+00
   0.0000000000000000e+00
   0.0000000000000000e+00
   0.0000000000000000e+00
   0.0000000000000000e+00
   0.0000000000000000e+00
   0.0000000000000000e+00
   0.0000000000000000e+00
   0.0000000000000000e+00
   0.0000000000000000e+00
  -0.0000000000000000e+00
  -0.0000000000000000e+00
  -0.0000000000000000e+00
  -0.0000000000000000e+00
  -0.0000000000000000e+00
  -0.0000000000000000e+00
  -0.0000000000000000e+00
  -0.0000000000000000e+00
  -0.0000000000000000e+00
  -0.0000000000000000e+00
  -0.0000000000000000e+00
  -0.0000000000000000e+00
  -0.0000000000000000e+00
  -0.0000000000000000e+00
  -0.0000000000000000e+00
  -0.0000000000000000e+00
  -0.0000000000000000e+00
  -0.0000000000000000e+00
   0.0000000000000000e+00
   0.0000000000000000e+00
   0.0000000000000000e+00
   0.0000000000000000e+00
   0.0000000000000000e+00
   0.0000000000000000e+00
   0.0000000000000000e+00
   0.0000000000000000e+00
   0.0000000000000000e+00
   0.0000000000000000e+00
   0.0000000000000000e+00
   0.0000000000000000e+00
   0.0000000000000000e+00
   0.0000000000000000e+00
   0.0000000000000000e+00
   0.0000000000000000e+00
   0.0000000000000000e+00
  -0.0000000000000000e+00
  -0.0000000000000000e+00
  -0.0000000000000000e+00
  -0.0000000000000000e+00
  -0.0000000000000000e+00
  -0.0000000000000000e+00
  -0.0000000000000000e+00
  -0.0000000000000000e+00
  -0.0000000000000000e+00
  -0.0000000000000000e+00
  -0.0000000000000000e+00
  -0.0000000000000000e+00
  -0.0000000000000000e+00
  -0.0000000000000000e+00
  -0.0000000000000000e+00
  -0.0000000000000000e+00
  -0.0000000000000000e+00
  -0.0000000000000000e+00
   0.0000000000000000e+00
   0.0000000000000000e+00
   0.0000000000000000e+00
   0.0000000000000000e+00
   0.0000000000000000e+00
   0.0000000000000000e+00
   0.0000000000000000e+00
   0.0000000000000000e+00
   0.0000000000000000e+00
   0.0000000000000000e+00
   0.0000000000000000e+00
   0.0000000000000000e+00
   0.0000000000000000e+00
   0.0000000000000000e+00
   0.0000000000000000e+00
   0.0000000000000000e+00
   0.0000000000000000e+00
  -0.0000000000000000e+00
  -0.0000000000000000e+00
  -0.0000000000000000e+00
  -0.0000000000000000e+00
  -0.0000000000000000e+00
  -0.0000000000000000e+00
  -0.0000000000000000e+00
  -0.0000000000000000e+00
  -0.0000000000000000e+00
  -0.0000000000000000e+00
  -0.0000000000000000e+00
  -0.0000000000000000e+00
  -0.0000000000000000e+00
  -0.0000000000000000e+00
  -0.0000000000000000e+00
  -0.0000000000000000e+00
  -0.0000000000000000e+00
  -0.0000000000000000e+00
