   1.7227883055099142e+01
   1.7227883055099142e+01
   1.7227883055099145e+01
   1.7227883055099142e+01
   1.7227883055099142e+01
   1.7227883055099142e+01
   1.7227883055099142e+01
   1.7227883055099142e+01
   1.7227883055099142e+01
   1.7227883055099142e+01
   1.7227883055099138e+01
   1.7227883055099142e+01
   1.7227883055099138e+01
   1.7227883055099134e+01
   1.7227883055099142e+01
   1.7227883055099145e+01
   1.7227883055099142e+01
   1.7227883055099142e+01
   1.7227883055099142e+01
   1.7227883055099142e+01
   1.7227883055099142e+01
   1.7227883055099142e+01
   1.7227883055099145e+01
   1.7227883055099142e+01
   1.7227883055099145e+01
   1.7227883055099142e+01
   1.7227883055099134e+01
   1.7227883055099138e+01
   1.7227883055099142e+01
   1.7227883055099142e+01
   1.7227883055099142e+01
   1.7227883055099138e+01
   1.7227883055099142e+01
   1.7227883055099145e+01
   1.7227883055099142e+01
   1.7227883055099142e+01
   1.7227883055099142e+01
   1.7227883055099138e+01
   1.7227883055099142e+01
   1.7227883055099142e+01
   1.7227883055099142e+01
   1.7227883055099142e+01
   1.7227883055099142e+01
   1.7227883055099134e+01
   1.7227883055099142e+01
   1.7227883055099145e+01
   1.7227883055099142e+01
   1.7227883055099142e+01
   1.7227883055099142e+01
   1.7227883055099142e+01
   1.7227883055099138e+01
   1.7227883055099134e+01
   1.7227883055099142e+01
   1.7227883055099142e+01
   1.7227883055099142e+01
   1.7227883055099138e+01
   1.7227883055099145e+01
   1.7227883055099142e+01
   1.7227883055099142e+01
   1.7227883055099138e+01
   1.7227883055099142e+01
   1.7227883055099138e+01
   1.7227883055099142e+01
   1.7227883055099145e+01
   1.7227883055099142e+01
   1.7227883055099142e+01
   1.7227883055099142e+01
   1.7227883055099142e+01
   1.7227883055099142e+01
   1.7227883055099142e+01
   1.7227883055099142e+01
   1.7227883055099138e+01
   1.7227883055099138e+01
   1.7227883055099142e+01
   1.7227883055099142e+01
   1.7227883055099142e+01
   1.7227883055099142e+01
   1.7227883055099142e+01
   1.7227883055099138e+01
