   1.5530082284937257e+02
   5.2794539458774132e+01
   1.8482651937777206e+01
   9.9676396745549312e+00
   5.7042161248267167e+00
   3.8863451258496680e+00
   2.7335037604597576e+00
   2.0043759007333160e+00
   1.4651258925839696e+00
   1.1324839584303925e+00
   8.6822572366305972e-01
   6.9701406839924118e-01
   5.4472303377770892e-01
   4.3632307970024553e-01
   3.3509466482856021e-01
   2.6794085403500345e-01
   2.0855522132175167e-01
   1.6973852268174974e-01
   1.3759954789032411e-01
   1.1514179210483082e-01
   9.6610835858431332e-02
   8.4126830172199893e-02
   7.6245790832411120e-02
   6.8572604715940011e-02
   5.9439499737748688e-02
   4.9578810345870535e-02
   4.0186771967945893e-02
   3.1415623338103889e-02
   2.4225472917726587e-02
   1.8085368239466826e-02
   1.3622092348864896e-02
   9.9148201510186138e-03
   7.2782832709013534e-03
   5.2050642027043001e-03
   3.8012912104768001e-03
   2.7194738735050804e-03
   1.9786227346060927e-03
   1.3847759081189249e-03
   9.6358226282471668e-04
   6.4472145383367920e-04
   4.4014756328494153e-04
   3.1817858211827813e-04
   2.2881807300592329e-04
   1.7345139506190179e-04
   1.4317202985603434e-04
   1.0610749736108284e-04
   1.0015908568982720e-04
   8.0731766348769515e-05
   7.0396309975537841e-05
   5.7386168724616732e-05
   4.6138905522408404e-05
   3.5504736376470926e-05
   3.0143285037596071e-05
   2.2452222324993164e-05
   1.8865832695412931e-05
   1.4200849823296271e-05
   1.1358781694016427e-05
   8.4793934855066880e-06
   6.8277887072375952e-06
   4.8274194101752541e-06
   3.8723260970128439e-06
   2.6659924685577633e-06
   2.0750075150798603e-06
   1.4796709497732813e-06
   1.0966638251283202e-06
   8.3779163382688424e-07
   6.0718254691760878e-07
   4.6140289723772341e-07
   3.6759507981884546e-07
   3.0331118336260065e-07
   2.2645761990428882e-07
   1.7366831298001975e-07
   1.3990339403654596e-07
   1.0093473818488953e-07
   8.4659154992074138e-08
   6.6042597642979254e-08
   5.0412390237143437e-08
   3.7959600877334124e-08
   3.1815298983540267e-08
   2.5388395600500735e-08
   1.9327533151861840e-08
   1.3674015544193056e-08
   1.1333140708785488e-08
   8.4373893948956568e-09
   5.9388128070652674e-09
   4.7622286682639246e-09
   3.7921340692191096e-09
   2.8020723768625952e-09
   1.9168821111820938e-09
   1.5549211814087567e-09
   1.1478394490548780e-09
   7.4665609025300460e-10
   6.7403161606399948e-10
   4.6477756521916210e-10
   3.3764257079628289e-10
   2.9376032868097386e-10
   2.1441565098719023e-10
   1.7715761624481228e-10
   1.2785315315874251e-10
   1.0848477634040601e-10
   7.4288597831775660e-11
   6.3412196289517976e-11
   4.7575030527556549e-11
   3.8438717847560295e-11
   3.2567766653223069e-11
   2.2676317529661146e-11
   2.0401343655165511e-11
   1.4043974692428990e-11
   1.2392996826588621e-11
   8.5730771439733980e-12
   7.1985592512494567e-12
   5.3171470447314655e-12
   4.2542495954563483e-12
   2.9929880197793302e-12
   2.4328958091796533e-12
   1.8506582309378093e-12
   1.3946400693001796e-12
   1.1026110960672335e-12
   7.9243404345058707e-13
   6.3249990566543032e-13
   3.4339986939708486e-13
   3.1214784284036280e-13
   2.6647374220052821e-13
   2.2636459550730299e-13
   1.6484908671246767e-13
   1.3598145595616860e-13
   1.2100668662874149e-13
   8.5147303378781139e-14
   7.4410703467396768e-14
   5.7486299649257460e-14
   5.2267000872420995e-14
   4.5028357009034815e-14
   3.4355873417661532e-14
   3.2720655632374303e-14
   2.7209054497209472e-14
   2.0114686729321285e-14
   1.4585831110619655e-14
   1.4585831110619655e-14
   1.4585831110619655e-14
   1.4585831110619655e-14
   1.4585831110619655e-14
   1.4585831110619655e-14
   1.4585831110619655e-14
   1.4585831110619655e-14
   1.4585831110619655e-14
   1.4585831110619655e-14
   1.4585831110619655e-14
   1.4585831110619655e-14
   1.4585831110619655e-14
   1.4585831110619655e-14
   1.4585831110619655e-14
   1.4585831110619655e-14
   1.4585831110619655e-14
   1.4585831110619655e-14
   1.4585831110619655e-14
   1.4585831110619655e-14
   1.4585831110619655e-14
   1.4585831110619655e-14
   1.4585831110619655e-14
   1.4585831110619655e-14
   1.4585831110619655e-14
   1.4585831110619655e-14
   1.4585831110619655e-14
   1.4585831110619655e-14
   1.4585831110619655e-14
   1.4585831110619655e-14
   1.4585831110619655e-14
   1.4585831110619655e-14
   1.4585831110619655e-14
   1.4585831110619655e-14
   1.4585831110619655e-14
   1.4585831110619655e-14
   1.4585831110619655e-14
   1.4585831110619655e-14
   1.4585831110619655e-14
   1.4585831110619655e-14
   1.4585831110619655e-14
   1.4585831110619655e-14
   1.4585831110619655e-14
   1.4585831110619655e-14
   1.4585831110619655e-14
   1.4585831110619655e-14
   1.4585831110619655e-14
   1.4585831110619655e-14
   1.4585831110619655e-14
   1.4585831110619655e-14
   1.4585831110619655e-14
   1.4585831110619655e-14
   1.4585831110619655e-14
   1.4585831110619655e-14
   1.4585831110619655e-14
   1.4585831110619655e-14
   1.4585831110619655e-14
   1.4585831110619655e-14
   1.4585831110619655e-14
   1.4585831110619655e-14
   1.4585831110619655e-14
   1.4585831110619655e-14
   1.4585831110619655e-14
   1.4585831110619655e-14
   1.4585831110619655e-14
   1.4585831110619655e-14
   1.4585831110619655e-14
   1.4585831110619655e-14
   1.4585831110619655e-14
   1.4585831110619655e-14
   1.4585831110619655e-14
   1.4585831110619655e-14
   1.4585831110619655e-14
   1.4585831110619655e-14
   1.4585831110619655e-14
   1.4585831110619655e-14
   1.4585831110619655e-14
   1.4585831110619655e-14
   1.4585831110619655e-14
   1.4585831110619655e-14
   1.4585831110619655e-14
   1.4585831110619655e-14
   1.4585831110619655e-14
   1.4585831110619655e-14
   1.4585831110619655e-14
   1.4585831110619655e-14
   1.4585831110619655e-14
   1.4585831110619655e-14
   1.4585831110619655e-14
   1.4585831110619655e-14
   1.4585831110619655e-14
   1.4585831110619655e-14
   1.4585831110619655e-14
   1.4585831110619655e-14
   1.4585831110619655e-14
   1.4585831110619655e-14
   1.4585831110619655e-14
   1.4585831110619655e-14
   1.4585831110619655e-14
   1.4585831110619655e-14
   1.4585831110619655e-14
   1.4585831110619655e-14
   1.4585831110619655e-14
   1.4585831110619655e-14
   1.4585831110619655e-14
   1.4585831110619655e-14
   1.4585831110619655e-14
   1.4585831110619655e-14
   1.4585831110619655e-14
   1.4585831110619655e-14
   1.4585831110619655e-14
   1.4585831110619655e-14
   1.4585831110619655e-14
   1.4585831110619655e-14
   1.4585831110619655e-14
   1.4585831110619655e-14
   1.4585831110619655e-14
   1.4585831110619655e-14
   1.4585831110619655e-14
   1.4585831110619655e-14
   1.4585831110619655e-14
   1.4585831110619655e-14
   1.4585831110619655e-14
   1.4585831110619655e-14
   1.4585831110619655e-14
   1.4585831110619655e-14
   1.4585831110619655e-14
   1.4585831110619655e-14
   1.4585831110619655e-14
   1.4585831110619655e-14
   1.4585831110619655e-14
   1.4585831110619655e-14
   1.4585831110619655e-14
   1.4585831110619655e-14
   1.4585831110619655e-14
   1.4585831110619655e-14
   1.4585831110619655e-14
   1.4585831110619655e-14
   1.4585831110619655e-14
   1.4585831110619655e-14
   1.4585831110619655e-14
   1.4585831110619655e-14
   1.4585831110619655e-14
   1.4585831110619655e-14
   1.4585831110619655e-14
   1.4585831110619655e-14
   1.4585831110619655e-14
   1.4585831110619655e-14
   1.4585831110619655e-14
   1.4585831110619655e-14
   1.4585831110619655e-14
   1.4585831110619655e-14
   1.4585831110619655e-14
   1.4585831110619655e-14
   1.4585831110619655e-14
   1.4585831110619655e-14
   1.4585831110619655e-14
   1.4585831110619655e-14
   1.4585831110619655e-14
   1.4585831110619655e-14
   1.4585831110619655e-14
   1.4585831110619655e-14
   1.4585831110619655e-14
   1.4585831110619655e-14
   1.4585831110619655e-14
   1.4585831110619655e-14
   1.4585831110619655e-14
   1.4585831110619655e-14
   1.4585831110619655e-14
   1.4585831110619655e-14
   1.4585831110619655e-14
   1.4585831110619655e-14
   1.4585831110619655e-14
   1.4585831110619655e-14
   1.4585831110619655e-14
   1.4585831110619655e-14
   1.4585831110619655e-14
   1.4585831110619655e-14
   1.4585831110619655e-14
   1.4585831110619655e-14
   1.4585831110619655e-14
   1.4585831110619655e-14
   1.4585831110619655e-14
   1.4585831110619655e-14
   1.4585831110619655e-14
   1.4585831110619655e-14
   1.4585831110619655e-14
   1.4585831110619655e-14
   1.4585831110619655e-14
   1.4585831110619655e-14
   1.4585831110619655e-14
   1.4585831110619655e-14
   1.4585831110619655e-14
   1.4585831110619655e-14
   1.4585831110619655e-14
   1.4585831110619655e-14
   1.4585831110619655e-14
   1.4585831110619655e-14
   1.4585831110619655e-14
   1.4585831110619655e-14
   1.4585831110619655e-14
   1.4585831110619655e-14
   1.4585831110619655e-14
   1.4585831110619655e-14
   1.4585831110619655e-14
   1.4585831110619655e-14
   1.4585831110619655e-14
   1.4585831110619655e-14
   1.4585831110619655e-14
   1.4585831110619655e-14
   1.4585831110619655e-14
   1.4585831110619655e-14
   1.4585831110619655e-14
   1.4585831110619655e-14
   1.4585831110619655e-14
   1.4585831110619655e-14
   1.4585831110619655e-14
   1.4585831110619655e-14
   1.4585831110619655e-14
   1.4585831110619655e-14
   1.4585831110619655e-14
   1.4585831110619655e-14
   1.4585831110619655e-14
   1.4585831110619655e-14
   1.4585831110619655e-14
   1.4585831110619655e-14
   1.4585831110619655e-14
   1.4585831110619655e-14
   1.4585831110619655e-14
   1.4585831110619655e-14
   1.4585831110619655e-14
   1.4585831110619655e-14
   1.4585831110619655e-14
   1.4585831110619655e-14
   1.4585831110619655e-14
   1.4585831110619655e-14
   1.4585831110619655e-14
   1.4585831110619655e-14
   1.4585831110619655e-14
   1.4585831110619655e-14
   1.4585831110619655e-14
   1.4585831110619655e-14
   1.4585831110619655e-14
   1.4585831110619655e-14
   1.4585831110619655e-14
   1.4585831110619655e-14
   1.4585831110619655e-14
   1.4585831110619655e-14
   1.4585831110619655e-14
   1.4585831110619655e-14
   1.4585831110619655e-14
   1.4585831110619655e-14
   1.4585831110619655e-14
   1.4585831110619655e-14
   1.4585831110619655e-14
   1.4585831110619655e-14
   1.4585831110619655e-14
   1.4585831110619655e-14
   1.4585831110619655e-14
   1.4585831110619655e-14
   1.4585831110619655e-14
   1.4585831110619655e-14
   1.4585831110619655e-14
   1.4585831110619655e-14
   1.4585831110619655e-14
   1.4585831110619655e-14
   1.4585831110619655e-14
   1.4585831110619655e-14
   1.4585831110619655e-14
   1.4585831110619655e-14
   1.4585831110619655e-14
   1.4585831110619655e-14
   1.4585831110619655e-14
   1.4585831110619655e-14
   1.4585831110619655e-14
   1.4585831110619655e-14
   1.4585831110619655e-14
   1.4585831110619655e-14
   1.4585831110619655e-14
   1.4585831110619655e-14
   1.4585831110619655e-14
   1.4585831110619655e-14
   1.4585831110619655e-14
   1.4585831110619655e-14
   1.4585831110619655e-14
   1.4585831110619655e-14
   1.4585831110619655e-14
   1.4585831110619655e-14
   1.4585831110619655e-14
   1.4585831110619655e-14
   1.4585831110619655e-14
   1.4585831110619655e-14
   1.4585831110619655e-14
   1.4585831110619655e-14
   1.4585831110619655e-14
   1.4585831110619655e-14
   1.4585831110619655e-14
   1.4585831110619655e-14
   1.4585831110619655e-14
   1.4585831110619655e-14
   1.4585831110619655e-14
   1.4585831110619655e-14
   1.4585831110619655e-14
   1.4585831110619655e-14
   1.4585831110619655e-14
   1.4585831110619655e-14
   1.4585831110619655e-14
   1.4585831110619655e-14
   1.4585831110619655e-14
   1.4585831110619655e-14
   1.4585831110619655e-14
   1.4585831110619655e-14
   1.4585831110619655e-14
   1.4585831110619655e-14
   1.4585831110619655e-14
   1.4585831110619655e-14
   1.4585831110619655e-14
   1.4585831110619655e-14
   1.4585831110619655e-14
   1.4585831110619655e-14
   1.4585831110619655e-14
   1.4585831110619655e-14
   1.4585831110619655e-14
   1.4585831110619655e-14
   1.4585831110619655e-14
   1.4585831110619655e-14
   1.4585831110619655e-14
   1.4585831110619655e-14
   1.4585831110619655e-14
   1.4585831110619655e-14
   1.4585831110619655e-14
   1.4585831110619655e-14
   1.4585831110619655e-14
   1.4585831110619655e-14
   1.4585831110619655e-14
   1.4585831110619655e-14
   1.4585831110619655e-14
   1.4585831110619655e-14
   1.4585831110619655e-14
   1.4585831110619655e-14
   1.4585831110619655e-14
   1.4585831110619655e-14
   1.4585831110619655e-14
   1.4585831110619655e-14
   1.4585831110619655e-14
   1.4585831110619655e-14
   1.4585831110619655e-14
   1.4585831110619655e-14
   1.4585831110619655e-14
   1.4585831110619655e-14
   1.4585831110619655e-14
   1.4585831110619655e-14
   1.4585831110619655e-14
   1.4585831110619655e-14
   1.4585831110619655e-14
   1.4585831110619655e-14
   1.4585831110619655e-14
   1.4585831110619655e-14
   1.4585831110619655e-14
   1.4585831110619655e-14
   1.4585831110619655e-14
   1.4585831110619655e-14
   1.4585831110619655e-14
   1.4585831110619655e-14
   1.4585831110619655e-14
   1.4585831110619655e-14
   1.4585831110619655e-14
   1.4585831110619655e-14
   1.4585831110619655e-14
   1.4585831110619655e-14
   1.4585831110619655e-14
   1.4585831110619655e-14
   1.4585831110619655e-14
   1.4585831110619655e-14
   1.4585831110619655e-14
   1.4585831110619655e-14
   1.4585831110619655e-14
   1.4585831110619655e-14
   1.4585831110619655e-14
   1.4585831110619655e-14
   1.4585831110619655e-14
   1.4585831110619655e-14
   1.4585831110619655e-14
   1.4585831110619655e-14
   1.4585831110619655e-14
   1.4585831110619655e-14
   1.4585831110619655e-14
   1.4585831110619655e-14
   1.4585831110619655e-14
   1.4585831110619655e-14
   1.4585831110619655e-14
   1.4585831110619655e-14
   1.4585831110619655e-14
   1.4585831110619655e-14
   1.4585831110619655e-14
   1.4585831110619655e-14
   1.4585831110619655e-14
   1.4585831110619655e-14
   1.4585831110619655e-14
   1.4585831110619655e-14
   1.4585831110619655e-14
   1.4585831110619655e-14
   1.4585831110619655e-14
   1.4585831110619655e-14
   1.4585831110619655e-14
   1.4585831110619655e-14
   1.4585831110619655e-14
   1.4585831110619655e-14
   1.4585831110619655e-14
   1.4585831110619655e-14
   1.4585831110619655e-14
   1.4585831110619655e-14
   1.4585831110619655e-14
   1.4585831110619655e-14
   1.4585831110619655e-14
   1.4585831110619655e-14
   1.4585831110619655e-14
   1.4585831110619655e-14
   1.4585831110619655e-14
   1.4585831110619655e-14
   1.4585831110619655e-14
   1.4585831110619655e-14
   1.4585831110619655e-14
   1.4585831110619655e-14
   1.4585831110619655e-14
   1.4585831110619655e-14
   1.4585831110619655e-14
   1.4585831110619655e-14
   1.4585831110619655e-14
   1.4585831110619655e-14
   1.4585831110619655e-14
   1.4585831110619655e-14
   1.4585831110619655e-14
   1.4585831110619655e-14
   1.4585831110619655e-14
   1.4585831110619655e-14
   1.4585831110619655e-14
   1.4585831110619655e-14
   1.4585831110619655e-14
   1.4585831110619655e-14
   1.4585831110619655e-14
   1.4585831110619655e-14
   1.4585831110619655e-14
   1.4585831110619655e-14
   1.4585831110619655e-14
   1.4585831110619655e-14
   1.4585831110619655e-14
   1.4585831110619655e-14
   1.4585831110619655e-14
   1.4585831110619655e-14
   1.4585831110619655e-14
   1.4585831110619655e-14
   1.4585831110619655e-14
   1.4585831110619655e-14
   1.4585831110619655e-14
   1.4585831110619655e-14
   1.4585831110619655e-14
   1.4585831110619655e-14
   1.4585831110619655e-14
   1.4585831110619655e-14
   1.4585831110619655e-14
   1.4585831110619655e-14
   1.4585831110619655e-14
   1.4585831110619655e-14
   1.4585831110619655e-14
   1.4585831110619655e-14
   1.4585831110619655e-14
   1.4585831110619655e-14
   1.4585831110619655e-14
   1.4585831110619655e-14
   1.4585831110619655e-14
   1.4585831110619655e-14
   1.4585831110619655e-14
   1.4585831110619655e-14
   1.4585831110619655e-14
   1.4585831110619655e-14
   1.4585831110619655e-14
   1.4585831110619655e-14
   1.4585831110619655e-14
   1.4585831110619655e-14
   1.4585831110619655e-14
   1.4585831110619655e-14
   1.4585831110619655e-14
   1.4585831110619655e-14
   1.4585831110619655e-14
   1.4585831110619655e-14
   1.4585831110619655e-14
   1.4585831110619655e-14
   1.4585831110619655e-14
   1.4585831110619655e-14
   1.4585831110619655e-14
   1.4585831110619655e-14
   1.4585831110619655e-14
   1.4585831110619655e-14
   1.4585831110619655e-14
   1.4585831110619655e-14
   1.4585831110619655e-14
   1.4585831110619655e-14
   1.4585831110619655e-14
   1.4585831110619655e-14
   1.4585831110619655e-14
   1.4585831110619655e-14
   1.4585831110619655e-14
   1.4585831110619655e-14
   1.4585831110619655e-14
   1.4585831110619655e-14
   1.4585831110619655e-14
   1.4585831110619655e-14
   1.4585831110619655e-14
   1.4585831110619655e-14
   1.4585831110619655e-14
   1.4585831110619655e-14
   1.4585831110619655e-14
   1.4585831110619655e-14
   1.4585831110619655e-14
   1.4585831110619655e-14
   1.4585831110619655e-14
   1.4585831110619655e-14
   1.4585831110619655e-14
   1.4585831110619655e-14
   1.4585831110619655e-14
   1.4585831110619655e-14
   1.4585831110619655e-14
   1.4585831110619655e-14
   1.4585831110619655e-14
   1.4585831110619655e-14
   1.4585831110619655e-14
   1.4585831110619655e-14
   1.4585831110619655e-14
   1.4585831110619655e-14
   1.4585831110619655e-14
   1.4585831110619655e-14
   1.4585831110619655e-14
   1.4585831110619655e-14
   1.4585831110619655e-14
   1.4585831110619655e-14
   1.4585831110619655e-14
   1.4585831110619655e-14
   1.4585831110619655e-14
   1.4585831110619655e-14
   1.4585831110619655e-14
   1.4585831110619655e-14
   1.4585831110619655e-14
   1.4585831110619655e-14
   1.4585831110619655e-14
   1.4585831110619655e-14
   1.4585831110619655e-14
   1.4585831110619655e-14
   1.4585831110619655e-14
   1.4585831110619655e-14
   1.4585831110619655e-14
   1.4585831110619655e-14
   1.4585831110619655e-14
   1.4585831110619655e-14
   1.4585831110619655e-14
   1.4585831110619655e-14
   1.4585831110619655e-14
   1.4585831110619655e-14
   1.4585831110619655e-14
   1.4585831110619655e-14
   1.4585831110619655e-14
   1.4585831110619655e-14
   1.4585831110619655e-14
   1.4585831110619655e-14
   1.4585831110619655e-14
   1.4585831110619655e-14
   1.4585831110619655e-14
   1.4585831110619655e-14
   1.4585831110619655e-14
   1.4585831110619655e-14
   1.4585831110619655e-14
   1.4585831110619655e-14
   1.4585831110619655e-14
   1.4585831110619655e-14
   1.4585831110619655e-14
   1.4585831110619655e-14
   1.4585831110619655e-14
   1.4585831110619655e-14
   1.4585831110619655e-14
   1.4585831110619655e-14
   1.4585831110619655e-14
   1.4585831110619655e-14
   1.4585831110619655e-14
   1.4585831110619655e-14
   1.4585831110619655e-14
   1.4585831110619655e-14
   1.4585831110619655e-14
   1.4585831110619655e-14
   1.4585831110619655e-14
   1.4585831110619655e-14
   1.4585831110619655e-14
   1.4585831110619655e-14
   1.4585831110619655e-14
   1.4585831110619655e-14
   1.4585831110619655e-14
   1.4585831110619655e-14
   1.4585831110619655e-14
   1.4585831110619655e-14
   1.4585831110619655e-14
   1.4585831110619655e-14
   1.4585831110619655e-14
   1.4585831110619655e-14
   1.4585831110619655e-14
   1.4585831110619655e-14
   1.4585831110619655e-14
   1.4585831110619655e-14
   1.4585831110619655e-14
   1.4585831110619655e-14
   1.4585831110619655e-14
   1.4585831110619655e-14
   1.4585831110619655e-14
   1.4585831110619655e-14
   1.4585831110619655e-14
   1.4585831110619655e-14
   1.4585831110619655e-14
   1.4585831110619655e-14
   1.4585831110619655e-14
   1.4585831110619655e-14
   1.4585831110619655e-14
   1.4585831110619655e-14
   1.4585831110619655e-14
   1.4585831110619655e-14
   1.4585831110619655e-14
   1.4585831110619655e-14
   1.4585831110619655e-14
   1.4585831110619655e-14
   1.4585831110619655e-14
   1.4585831110619655e-14
   1.4585831110619655e-14
   1.4585831110619655e-14
   1.4585831110619655e-14
   1.4585831110619655e-14
   1.4585831110619655e-14
   1.4585831110619655e-14
   1.4585831110619655e-14
   1.4585831110619655e-14
   1.4585831110619655e-14
   1.4585831110619655e-14
   1.4585831110619655e-14
   1.4585831110619655e-14
   1.4585831110619655e-14
   1.4585831110619655e-14
   1.4585831110619655e-14
   1.4585831110619655e-14
   1.4585831110619655e-14
   1.4585831110619655e-14
   1.4585831110619655e-14
   1.4585831110619655e-14
   1.4585831110619655e-14
   1.4585831110619655e-14
   1.4585831110619655e-14
   1.4585831110619655e-14
   1.4585831110619655e-14
   1.4585831110619655e-14
   1.4585831110619655e-14
   1.4585831110619655e-14
   1.4585831110619655e-14
   1.4585831110619655e-14
   1.4585831110619655e-14
   1.4585831110619655e-14
   1.4585831110619655e-14
   1.3253729571907686e-14
   6.7060695492048335e-15
   3.0393123015108746e-15
